23 0.9134615384615384 0.12379807692307693 0.057692307692307696 0.07692307692307693
23 0.8545673076923077 0.21033653846153846 0.05048076923076923 0.09134615384615384
23 0.8161057692307693 0.21754807692307693 0.08173076923076923 0.09615384615384616
23 0.6634615384615384 0.1971153846153846 0.038461538461538464 0.0625
23 0.6298076923076923 0.19471153846153846 0.040865384615384616 0.06490384615384616
23 0.5612980769230769 0.28725961538461536 0.07932692307692307 0.15625
23 0.46634615384615385 0.30408653846153844 0.0889423076923077 0.15144230769230768
23 0.453125 0.3629807692307692 0.06971153846153846 0.11298076923076923
23 0.41947115384615385 0.29927884615384615 0.07451923076923077 0.16826923076923078
23 0.3786057692307692 0.32211538461538464 0.07451923076923077 0.14423076923076922
23 0.34375 0.3329326923076923 0.07451923076923077 0.15865384615384615
23 0.28125 0.2920673076923077 0.0625 0.11778846153846154
23 0.25721153846153844 0.3389423076923077 0.10336538461538461 0.16826923076923078
23 0.2439903846153846 0.23677884615384615 0.052884615384615384 0.08653846153846154
23 0.2247596153846154 0.32572115384615385 0.052884615384615384 0.12740384615384615
23 0.18509615384615385 0.3317307692307692 0.07211538461538461 0.11057692307692307
23 0.17427884615384615 0.3545673076923077 0.057692307692307696 0.11778846153846154
23 0.12259615384615384 0.3701923076923077 0.07211538461538461 0.12740384615384615