23 0.013221153846153846 0.25240384615384615 0.026442307692307692 0.07692307692307693
23 0.07932692307692307 0.31971153846153844 0.04807692307692308 0.0889423076923077
23 0.11778846153846154 0.3161057692307692 0.07932692307692307 0.09375
23 0.25961538461538464 0.2536057692307692 0.036057692307692304 0.0625
23 0.2920673076923077 0.24278846153846154 0.038461538461538464 0.0625
23 0.38221153846153844 0.3125 0.07451923076923077 0.15625
23 0.47836538461538464 0.30288461538461536 0.08413461538461539 0.14903846153846154
23 0.5072115384615384 0.3545673076923077 0.06490384615384616 0.11298076923076923
23 0.5216346153846154 0.2848557692307692 0.06971153846153846 0.1658653846153846
23 0.5685096153846154 0.2956730769230769 0.06971153846153846 0.14423076923076922
23 0.6045673076923077 0.2956730769230769 0.06971153846153846 0.15625
23 0.6538461538461539 0.2403846153846154 0.06009615384615385 0.11778846153846154
23 0.6899038461538461 0.2776442307692308 0.0985576923076923 0.16826923076923078
23 0.6730769230769231 0.17548076923076922 0.04807692307692308 0.08413461538461539
23 0.7175480769230769 0.25600961538461536 0.05048076923076923 0.12740384615384615
23 0.7560096153846154 0.2512019230769231 0.06971153846153846 0.10817307692307693
23 0.7728365384615384 0.2704326923076923 0.052884615384615384 0.11778846153846154
23 0.8269230769230769 0.2704326923076923 0.0673076923076923 0.12740384615384615