23 0.03245192307692308 0.1935096153846154 0.04807692307692308 0.07091346153846154
23 0.1045673076923077 0.2692307692307692 0.038461538461538464 0.08533653846153846
23 0.14302884615384615 0.2704326923076923 0.06850961538461539 0.08533653846153846
23 0.29086538461538464 0.22596153846153846 0.030048076923076924 0.05889423076923077
23 0.3245192307692308 0.21875 0.03245192307692308 0.06009615384615385
23 0.40625 0.29927884615384615 0.057692307692307696 0.1502403846153846
23 0.5024038461538461 0.3016826923076923 0.0673076923076923 0.14182692307692307
23 0.5252403846153846 0.35697115384615385 0.052884615384615384 0.10697115384615384
23 0.5480769230769231 0.28966346153846156 0.04927884615384615 0.1622596153846154
23 0.5925480769230769 0.30528846153846156 0.054086538461538464 0.13822115384615385
23 0.6286057692307693 0.31009615384615385 0.05048076923076923 0.15144230769230768
23 0.6838942307692307 0.2608173076923077 0.04567307692307692 0.11298076923076923
23 0.7151442307692307 0.30288461538461536 0.07932692307692307 0.15865384615384615
23 0.7115384615384616 0.19951923076923078 0.039663461538461536 0.08052884615384616
23 0.7451923076923077 0.2848557692307692 0.03485576923076923 0.12379807692307693
23 0.7848557692307693 0.2848557692307692 0.056490384615384616 0.10216346153846154
23 0.7992788461538461 0.30528846153846156 0.039663461538461536 0.11298076923076923
23 0.8521634615384616 0.3125 0.054086538461538464 0.12139423076923077