23 0.1346153846153846 0.5456730769230769 0.16826923076923078 0.47115384615384615
23 0.23197115384615385 0.5637019230769231 0.20673076923076922 0.5240384615384616
23 0.22235576923076922 0.49278846153846156 0.13942307692307693 0.4519230769230769
23 0.3233173076923077 0.5769230769230769 0.14182692307692307 0.42788461538461536
23 0.4026442307692308 0.47115384615384615 0.11538461538461539 0.32211538461538464
23 0.4723557692307692 0.4675480769230769 0.1201923076923077 0.4182692307692308
23 0.5048076923076923 0.5240384615384616 0.1201923076923077 0.43990384615384615
23 0.5396634615384616 0.5637019230769231 0.18028846153846154 0.45913461538461536
23 0.6490384615384616 0.5192307692307693 0.1346153846153846 0.4735576923076923
23 0.7019230769230769 0.6069711538461539 0.18269230769230768 0.45913461538461536
23 0.796875 0.5288461538461539 0.15144230769230768 0.49759615384615385