23 0.1346153846153846 0.5516826923076923 0.17548076923076922 0.4735576923076923
23 0.23317307692307693 0.5685096153846154 0.21394230769230768 0.5264423076923077
23 0.22235576923076922 0.49759615384615385 0.1466346153846154 0.4543269230769231
23 0.3245192307692308 0.5793269230769231 0.14903846153846154 0.43028846153846156
23 0.4014423076923077 0.4735576923076923 0.12259615384615384 0.3245192307692308
23 0.47115384615384615 0.46875 0.12740384615384615 0.4206730769230769
23 0.5048076923076923 0.5240384615384616 0.12980769230769232 0.43990384615384615
23 0.5408653846153846 0.5637019230769231 0.1875 0.46153846153846156
23 0.6490384615384616 0.515625 0.14182692307692307 0.4735576923076923
23 0.703125 0.6033653846153846 0.18990384615384615 0.46153846153846156
23 0.796875 0.5240384615384616 0.16105769230769232 0.5