23 0.13221153846153846 0.5264423076923077 0.14423076923076922 0.4639423076923077
23 0.22956730769230768 0.5492788461538461 0.17908653846153846 0.5144230769230769
23 0.22355769230769232 0.47836538461538464 0.11538461538461539 0.44711538461538464
23 0.31971153846153844 0.5673076923076923 0.1201923076923077 0.421875
23 0.40384615384615385 0.46634615384615385 0.09975961538461539 0.3173076923076923
23 0.4735576923076923 0.46634615384615385 0.0985576923076923 0.41466346153846156
23 0.5036057692307693 0.5240384615384616 0.0985576923076923 0.43509615384615385
23 0.5360576923076923 0.5661057692307693 0.15745192307692307 0.4519230769230769
23 0.6478365384615384 0.5264423076923077 0.11057692307692307 0.4675480769230769
23 0.6959134615384616 0.6177884615384616 0.15985576923076922 0.4519230769230769
23 0.7944711538461539 0.5444711538461539 0.12620192307692307 0.49158653846153844