23 0.040865384615384616 0.5012019230769231 0.06971153846153846 0.1346153846153846
23 0.15144230769230768 0.4206730769230769 0.20192307692307693 0.37259615384615385
23 0.2512019230769231 0.5012019230769231 0.0985576923076923 0.20673076923076922
23 0.3076923076923077 0.5456730769230769 0.0673076923076923 0.11298076923076923
23 0.4170673076923077 0.5877403846153846 0.14903846153846154 0.18509615384615385
23 0.5757211538461539 0.5048076923076923 0.13701923076923078 0.2644230769230769
23 0.6634615384615384 0.5685096153846154 0.06009615384615385 0.13221153846153846
23 0.7331730769230769 0.5204326923076923 0.11778846153846154 0.27163461538461536
23 0.7956730769230769 0.5420673076923077 0.13701923076923078 0.31009615384615385
23 0.8954326923076923 0.5961538461538461 0.11538461538461539 0.23557692307692307
23 0.9423076923076923 0.5985576923076923 0.11538461538461539 0.25