23 0.9567307692307693 0.5492788461538461 0.057692307692307696 0.12980769230769232
23 0.8545673076923077 0.4579326923076923 0.16346153846153846 0.3581730769230769
23 0.7475961538461539 0.5276442307692307 0.07692307692307693 0.19951923076923078
23 0.6862980769230769 0.5661057692307693 0.055288461538461536 0.10817307692307693
23 0.5733173076923077 0.5961538461538461 0.12980769230769232 0.17307692307692307
23 0.42427884615384615 0.4963942307692308 0.11057692307692307 0.2548076923076923
23 0.33052884615384615 0.5504807692307693 0.04807692307692308 0.12980769230769232
23 0.265625 0.4963942307692308 0.09134615384615384 0.2644230769230769
23 0.20192307692307693 0.5108173076923077 0.10576923076923077 0.30288461538461536
23 0.09615384615384616 0.5540865384615384 0.09134615384615384 0.22596153846153846
23 0.04807692307692308 0.5528846153846154 0.09375 0.2403846153846154