23 0.04326923076923077 0.5492788461538461 0.057692307692307696 0.12860576923076922
23 0.14543269230769232 0.4579326923076923 0.16466346153846154 0.3581730769230769
23 0.25240384615384615 0.5276442307692307 0.07692307692307693 0.19951923076923078
23 0.3137019230769231 0.5661057692307693 0.055288461538461536 0.10817307692307693
23 0.4266826923076923 0.5961538461538461 0.1310096153846154 0.171875
23 0.5757211538461539 0.4963942307692308 0.11177884615384616 0.2548076923076923
23 0.6694711538461539 0.5504807692307693 0.04807692307692308 0.12860576923076922
23 0.734375 0.4963942307692308 0.09134615384615384 0.26322115384615385
23 0.7980769230769231 0.5108173076923077 0.10697115384615384 0.3016826923076923
23 0.9038461538461539 0.5540865384615384 0.09254807692307693 0.22716346153846154
23 0.9519230769230769 0.5528846153846154 0.09375 0.2403846153846154