23 0.46033653846153844 0.9314903846153846 0.056490384615384616 0.1310096153846154
23 0.009615384615384616 0.6742788461538461 0.019230769230769232 0.08774038461538461
23 0.014423076923076924 0.578125 0.028846153846153848 0.09975961538461539
23 0.03365384615384615 0.7884615384615384 0.0673076923076923 0.19110576923076922
23 0.5 0.7668269230769231 0.9987980769230769 0.4651442307692308
23 0.016826923076923076 0.9615384615384616 0.03245192307692308 0.06971153846153846
23 0.028846153846153848 0.9699519230769231 0.038461538461538464 0.057692307692307696
23 0.028846153846153848 0.5877403846153846 0.014423076923076924 0.10336538461538461
23 0.055288461538461536 0.6141826923076923 0.03125 0.08533653846153846
23 0.07211538461538461 0.9651442307692307 0.04807692307692308 0.0673076923076923
23 0.078125 0.6057692307692307 0.025240384615384616 0.08774038461538461
23 0.09014423076923077 0.8305288461538461 0.04807692307692308 0.09975961538461539
23 0.08774038461538461 0.6694711538461539 0.030048076923076924 0.09134615384615384
23 0.10576923076923077 0.6502403846153846 0.03365384615384615 0.1045673076923077
23 0.11298076923076923 0.6153846153846154 0.030048076923076924 0.09134615384615384
23 0.12139423076923077 0.7872596153846154 0.040865384615384616 0.07572115384615384
23 0.13942307692307693 0.7728365384615384 0.037259615384615384 0.1045673076923077
23 0.15264423076923078 0.9675480769230769 0.03245192307692308 0.0625
23 0.15865384615384615 0.5973557692307693 0.03245192307692308 0.07451923076923077
23 0.16826923076923078 0.6141826923076923 0.03485576923076923 0.06370192307692307
23 0.1814903846153846 0.8629807692307693 0.039663461538461536 0.10336538461538461
23 0.18269230769230768 0.7427884615384616 0.037259615384615384 0.08413461538461539
23 0.18269230769230768 0.6670673076923077 0.03365384615384615 0.09615384615384616
23 0.19230769230769232 0.7680288461538461 0.03245192307692308 0.07572115384615384
23 0.19951923076923078 0.9579326923076923 0.04326923076923077 0.08173076923076923
23 0.20793269230769232 0.7247596153846154 0.037259615384615384 0.06370192307692307
23 0.20432692307692307 0.6262019230769231 0.027644230769230768 0.08533653846153846
23 0.21394230769230768 0.8185096153846154 0.03485576923076923 0.08413461538461539
23 0.234375 0.6454326923076923 0.04447115384615385 0.06850961538461539
23 0.23557692307692307 0.7980769230769231 0.039663461538461536 0.09375
23 0.24158653846153846 0.6838942307692307 0.038461538461538464 0.10216346153846154
23 0.24278846153846154 0.7536057692307693 0.03365384615384615 0.06129807692307692
23 0.23798076923076922 0.6045673076923077 0.02283653846153846 0.04807692307692308
23 0.2644230769230769 0.6057692307692307 0.027644230769230768 0.040865384615384616
23 0.2668269230769231 0.6670673076923077 0.03125 0.09134615384615384
23 0.27163461538461536 0.6394230769230769 0.03365384615384615 0.08413461538461539
23 0.2860576923076923 0.7403846153846154 0.027644230769230768 0.0829326923076923
23 0.30408653846153844 0.8774038461538461 0.03485576923076923 0.07572115384615384
23 0.30528846153846156 0.9483173076923077 0.036057692307692304 0.0889423076923077
23 0.3076923076923077 0.8185096153846154 0.03245192307692308 0.07572115384615384
23 0.3076923076923077 0.6310096153846154 0.028846153846153848 0.07091346153846154
23 0.32211538461538464 0.6995192307692307 0.03365384615384615 0.11298076923076923
23 0.32572115384615385 0.8870192307692307 0.02403846153846154 0.11057692307692307
23 0.33413461538461536 0.6310096153846154 0.02283653846153846 0.037259615384615384
23 0.3425480769230769 0.7932692307692307 0.038461538461538464 0.06370192307692307
23 0.3545673076923077 0.6274038461538461 0.03485576923076923 0.08052884615384616
23 0.3629807692307692 0.9387019230769231 0.05048076923076923 0.07572115384615384
23 0.36658653846153844 0.8185096153846154 0.036057692307692304 0.08413461538461539
23 0.3701923076923077 0.9603365384615384 0.03245192307692308 0.06370192307692307
23 0.3762019230769231 0.6310096153846154 0.02283653846153846 0.08413461538461539
23 0.39302884615384615 0.8173076923076923 0.040865384615384616 0.109375
23 0.3942307692307692 0.9314903846153846 0.037259615384615384 0.06490384615384616
23 0.39663461538461536 0.6538461538461539 0.039663461538461536 0.09615384615384616
23 0.42427884615384615 0.8173076923076923 0.03485576923076923 0.08413461538461539
23 0.42908653846153844 0.7704326923076923 0.03245192307692308 0.0673076923076923
23 0.43509615384615385 0.6862980769230769 0.036057692307692304 0.07091346153846154
23 0.4387019230769231 0.6358173076923077 0.030048076923076924 0.055288461538461536
23 0.4723557692307692 0.7572115384615384 0.052884615384615384 0.08774038461538461
23 0.46634615384615385 0.7992788461538461 0.028846153846153848 0.08413461538461539
23 0.4855769230769231 0.6730769230769231 0.03485576923076923 0.055288461538461536
23 0.5024038461538461 0.6706730769230769 0.030048076923076924 0.06610576923076923
23 0.5084134615384616 0.6141826923076923 0.03485576923076923 0.06370192307692307
23 0.5132211538461539 0.7620192307692307 0.036057692307692304 0.08052884615384616
23 0.5228365384615384 0.9567307692307693 0.046875 0.07932692307692307
23 0.5432692307692307 0.9182692307692307 0.03245192307692308 0.06129807692307692
23 0.5552884615384616 0.6887019230769231 0.04447115384615385 0.07572115384615384
23 0.5552884615384616 0.8052884615384616 0.038461538461538464 0.06971153846153846
23 0.5576923076923077 0.9723557692307693 0.037259615384615384 0.054086538461538464
23 0.5600961538461539 0.8497596153846154 0.03365384615384615 0.08774038461538461
23 0.5661057692307693 0.5600961538461539 0.036057692307692304 0.08052884615384616
23 0.578125 0.9507211538461539 0.03365384615384615 0.07211538461538461
23 0.5757211538461539 0.6322115384615384 0.026442307692307692 0.0625
23 0.5757211538461539 0.8701923076923077 0.026442307692307692 0.06129807692307692
23 0.5997596153846154 0.7091346153846154 0.03485576923076923 0.0673076923076923
23 0.6033653846153846 0.7764423076923077 0.037259615384615384 0.0829326923076923
23 0.6069711538461539 0.6322115384615384 0.040865384615384616 0.046875
23 0.6117788461538461 0.5144230769230769 0.02283653846153846 0.09375
23 0.6165865384615384 0.7379807692307693 0.03125 0.06129807692307692
23 0.625 0.671875 0.026442307692307692 0.08653846153846154
23 0.6322115384615384 0.9459134615384616 0.038461538461538464 0.08533653846153846
23 0.6430288461538461 0.8353365384615384 0.038461538461538464 0.10336538461538461
23 0.6478365384615384 0.7175480769230769 0.03125 0.08774038461538461
23 0.6454326923076923 0.6574519230769231 0.02283653846153846 0.07211538461538461
23 0.6622596153846154 0.9350961538461539 0.037259615384615384 0.0829326923076923
23 0.6622596153846154 0.8088942307692307 0.027644230769230768 0.09375
23 0.6694711538461539 0.6574519230769231 0.026442307692307692 0.0625
23 0.6899038461538461 0.7127403846153846 0.03485576923076923 0.07572115384615384
23 0.6983173076923077 0.9254807692307693 0.04567307692307692 0.07451923076923077
23 0.6971153846153846 0.6334134615384616 0.019230769230769232 0.042067307692307696
23 0.7091346153846154 0.8545673076923077 0.038461538461538464 0.10216346153846154
23 0.7079326923076923 0.7415865384615384 0.03365384615384615 0.09735576923076923
23 0.7175480769230769 0.6622596153846154 0.025240384615384616 0.06370192307692307
23 0.7295673076923077 0.8052884615384616 0.03365384615384615 0.07211538461538461
23 0.7367788461538461 0.9603365384615384 0.027644230769230768 0.06610576923076923
23 0.7512019230769231 0.7391826923076923 0.042067307692307696 0.09134615384615384
23 0.7512019230769231 0.7788461538461539 0.030048076923076924 0.06610576923076923
23 0.7596153846153846 0.6790865384615384 0.037259615384615384 0.07932692307692307
23 0.7836538461538461 0.8473557692307693 0.03245192307692308 0.09134615384615384
23 0.7872596153846154 0.7127403846153846 0.030048076923076924 0.0829326923076923
23 0.7872596153846154 0.9555288461538461 0.03125 0.08774038461538461
23 0.8040865384615384 0.7908653846153846 0.039663461538461536 0.08413461538461539
23 0.8016826923076923 0.6490384615384616 0.03245192307692308 0.06490384615384616
23 0.8100961538461539 0.9603365384615384 0.042067307692307696 0.07692307692307693
23 0.8305288461538461 0.8966346153846154 0.052884615384615384 0.08774038461538461
23 0.8245192307692307 0.7199519230769231 0.019230769230769232 0.07211538461538461
23 0.8389423076923077 0.6598557692307693 0.03365384615384615 0.07211538461538461
23 0.8497596153846154 0.7415865384615384 0.039663461538461536 0.07572115384615384
23 0.8713942307692307 0.6658653846153846 0.028846153846153848 0.06971153846153846
23 0.8810096153846154 0.9194711538461539 0.04326923076923077 0.09615384615384616
23 0.8894230769230769 0.9651442307692307 0.056490384615384616 0.06971153846153846
23 0.8786057692307693 0.8149038461538461 0.03245192307692308 0.08774038461538461
23 0.8990384615384616 0.6634615384615384 0.04326923076923077 0.06971153846153846
23 0.9026442307692307 0.9759615384615384 0.02403846153846154 0.046875
23 0.9110576923076923 0.8521634615384616 0.037259615384615384 0.07932692307692307
23 0.9110576923076923 0.7223557692307693 0.030048076923076924 0.07932692307692307
23 0.9290865384615384 0.8786057692307693 0.038461538461538464 0.09975961538461539
23 0.9411057692307693 0.7487980769230769 0.028846153846153848 0.06850961538461539
23 0.9399038461538461 0.6466346153846154 0.020432692307692308 0.056490384615384616
23 0.9507211538461539 0.9110576923076923 0.042067307692307696 0.07932692307692307
23 0.9615384615384616 0.9567307692307693 0.037259615384615384 0.07932692307692307
23 0.9759615384615384 0.8221153846153846 0.04326923076923077 0.1045673076923077
23 0.9855769230769231 0.6899038461538461 0.027644230769230768 0.07451923076923077
23 0.9867788461538461 0.7632211538461539 0.02403846153846154 0.1045673076923077