23 0.47115384615384615 0.9314903846153846 0.07692307692307693 0.13701923076923078
23 0.9567307692307693 0.7487980769230769 0.03365384615384615 0.0889423076923077
23 0.9675480769230769 0.6526442307692307 0.04326923076923077 0.10336538461538461
23 0.9158653846153846 0.8581730769230769 0.09615384615384616 0.19951923076923078
23 0.49399038461538464 0.7271634615384616 0.9879807692307693 0.5456730769230769
23 0.9519230769230769 0.6598557692307693 0.03125 0.10336538461538461
23 0.921875 0.6826923076923077 0.04326923076923077 0.0889423076923077
23 0.9002403846153846 0.6706730769230769 0.038461538461538464 0.09134615384615384
23 0.8533653846153846 0.890625 0.0625 0.10576923076923077
23 0.8810096153846154 0.7319711538461539 0.04326923076923077 0.09375
23 0.8653846153846154 0.7103365384615384 0.05048076923076923 0.10817307692307693
23 0.8641826923076923 0.6742788461538461 0.04326923076923077 0.09375
23 0.8293269230769231 0.8425480769230769 0.052884615384615384 0.08173076923076923
23 0.8137019230769231 0.8257211538461539 0.052884615384615384 0.10817307692307693
23 0.7704326923076923 0.9903846153846154 0.040865384615384616 0.019230769230769232
23 0.8221153846153846 0.6490384615384616 0.04326923076923077 0.07932692307692307
23 0.8100961538461539 0.6646634615384616 0.04326923076923077 0.0673076923076923
23 0.7572115384615384 0.9086538461538461 0.055288461538461536 0.10817307692307693
23 0.7752403846153846 0.7896634615384616 0.05048076923076923 0.0889423076923077
23 0.7872596153846154 0.7151442307692307 0.04807692307692308 0.10096153846153846
23 0.7620192307692307 0.8125 0.04326923076923077 0.07932692307692307
23 0.7247596153846154 0.9771634615384616 0.055288461538461536 0.04567307692307692
23 0.7536057692307693 0.7680288461538461 0.04567307692307692 0.06971153846153846
23 0.7728365384615384 0.6706730769230769 0.040865384615384616 0.0889423076923077
23 0.7331730769230769 0.859375 0.04807692307692308 0.0889423076923077
23 0.7391826923076923 0.6850961538461539 0.055288461538461536 0.07451923076923077
23 0.7139423076923077 0.8353365384615384 0.052884615384615384 0.0985576923076923
23 0.7259615384615384 0.7223557692307693 0.052884615384615384 0.10576923076923077
23 0.7139423076923077 0.7908653846153846 0.04326923076923077 0.06490384615384616
23 0.7427884615384616 0.6442307692307693 0.03125 0.05048076923076923
23 0.7163461538461539 0.6418269230769231 0.03365384615384615 0.04567307692307692
23 0.7043269230769231 0.7019230769230769 0.04567307692307692 0.09615384615384616
23 0.7043269230769231 0.6730769230769231 0.04567307692307692 0.0889423076923077
23 0.6742788461538461 0.7704326923076923 0.040865384615384616 0.08653846153846154
23 0.6346153846153846 0.9038461538461539 0.04567307692307692 0.07932692307692307
23 0.6213942307692307 0.9627403846153846 0.05048076923076923 0.07451923076923077
23 0.640625 0.8449519230769231 0.04326923076923077 0.07932692307692307
23 0.6694711538461539 0.6598557692307693 0.038461538461538464 0.07451923076923077
23 0.6442307692307693 0.7247596153846154 0.05048076923076923 0.11778846153846154
23 0.6117788461538461 0.9098557692307693 0.040865384615384616 0.11298076923076923
23 0.6430288461538461 0.6550480769230769 0.028846153846153848 0.040865384615384616
23 0.609375 0.8137019230769231 0.04807692307692308 0.06971153846153846
23 0.6237980769230769 0.6490384615384616 0.04807692307692308 0.08413461538461539
23 0.5661057692307693 0.9543269230769231 0.0625 0.08173076923076923
23 0.5817307692307693 0.8353365384615384 0.04807692307692308 0.0889423076923077
23 0.5564903846153846 0.9699519230769231 0.040865384615384616 0.06009615384615385
23 0.6021634615384616 0.6490384615384616 0.036057692307692304 0.08653846153846154
23 0.5564903846153846 0.8305288461538461 0.057692307692307696 0.11538461538461539
23 0.5372596153846154 0.9423076923076923 0.04807692307692308 0.06971153846153846
23 0.578125 0.6682692307692307 0.055288461538461536 0.10096153846153846
23 0.5252403846153846 0.8257211538461539 0.04807692307692308 0.0889423076923077
23 0.5276442307692307 0.7776442307692307 0.04326923076923077 0.07211538461538461
23 0.5348557692307693 0.6947115384615384 0.04567307692307692 0.07451923076923077
23 0.5396634615384616 0.6442307692307693 0.038461538461538464 0.06009615384615385
23 0.48677884615384615 0.7584134615384616 0.06490384615384616 0.09375
23 0.48677884615384615 0.8004807692307693 0.040865384615384616 0.08653846153846154
23 0.48677884615384615 0.6730769230769231 0.04326923076923077 0.06009615384615385
23 0.47115384615384615 0.6682692307692307 0.040865384615384616 0.06971153846153846
23 0.4735576923076923 0.6117788461538461 0.04326923076923077 0.0673076923076923
23 0.44591346153846156 0.7572115384615384 0.04807692307692308 0.08413461538461539
23 0.40625 0.9471153846153846 0.057692307692307696 0.08653846153846154
23 0.3918269230769231 0.90625 0.040865384615384616 0.06490384615384616
23 0.41586538461538464 0.6778846153846154 0.055288461538461536 0.08173076923076923
23 0.39783653846153844 0.7932692307692307 0.04807692307692308 0.07451923076923077
23 0.36899038461538464 0.9579326923076923 0.04567307692307692 0.06009615384615385
23 0.3858173076923077 0.8365384615384616 0.04807692307692308 0.09134615384615384
23 0.4254807692307692 0.5492788461538461 0.04807692307692308 0.08413461538461539
23 0.35216346153846156 0.9326923076923077 0.04567307692307692 0.07692307692307693
23 0.4050480769230769 0.6189903846153846 0.036057692307692304 0.06490384615384616
23 0.36778846153846156 0.8533653846153846 0.036057692307692304 0.06490384615384616
23 0.36899038461538464 0.6911057692307693 0.04567307692307692 0.07211538461538461
23 0.3545673076923077 0.7572115384615384 0.05048076923076923 0.08653846153846154
23 0.3737980769230769 0.6141826923076923 0.04807692307692308 0.052884615384615384
23 0.3870192307692308 0.4963942307692308 0.036057692307692304 0.09615384615384616
23 0.3473557692307692 0.7163461538461539 0.040865384615384616 0.06490384615384616
23 0.34975961538461536 0.6502403846153846 0.038461538461538464 0.0889423076923077
23 0.29927884615384615 0.9194711538461539 0.05048076923076923 0.09134615384615384
23 0.30649038461538464 0.8088942307692307 0.055288461538461536 0.10817307692307693
23 0.31971153846153844 0.6923076923076923 0.04567307692307692 0.09134615384615384
23 0.3317307692307692 0.6322115384615384 0.03365384615384615 0.07451923076923077
23 0.27163461538461536 0.9038461538461539 0.05048076923076923 0.08653846153846154
23 0.29086538461538464 0.7800480769230769 0.040865384615384616 0.09615384615384616
23 0.3076923076923077 0.6286057692307693 0.036057692307692304 0.06490384615384616
23 0.27884615384615385 0.6802884615384616 0.04567307692307692 0.07932692307692307
23 0.23798076923076922 0.8894230769230769 0.057692307692307696 0.08173076923076923
23 0.2848557692307692 0.6009615384615384 0.026442307692307692 0.04567307692307692
23 0.23798076923076922 0.8173076923076923 0.052884615384615384 0.10576923076923077
23 0.25721153846153844 0.7055288461538461 0.04807692307692308 0.10096153846153846
23 0.25961538461538464 0.6262019230769231 0.036057692307692304 0.0673076923076923
23 0.22596153846153846 0.765625 0.04567307692307692 0.07692307692307693
23 0.19471153846153846 0.9170673076923077 0.038461538461538464 0.06971153846153846
23 0.21394230769230768 0.6971153846153846 0.055288461538461536 0.09615384615384616
23 0.20793269230769232 0.7355769230769231 0.040865384615384616 0.06971153846153846
23 0.21514423076923078 0.6358173076923077 0.04807692307692308 0.08413461538461539
23 0.1658653846153846 0.7992788461538461 0.04567307692307692 0.09615384615384616
23 0.18269230769230768 0.6646634615384616 0.04326923076923077 0.08653846153846154
23 0.14543269230769232 0.9050480769230769 0.04567307692307692 0.09134615384615384
23 0.15384615384615385 0.7391826923076923 0.052884615384615384 0.0889423076923077
23 0.17908653846153846 0.5997596153846154 0.04326923076923077 0.06971153846153846
23 0.12139423076923077 0.90625 0.052884615384615384 0.08173076923076923
23 0.11177884615384616 0.8401442307692307 0.06490384615384616 0.09375
23 0.14543269230769232 0.6670673076923077 0.03125 0.07451923076923077
23 0.140625 0.6045673076923077 0.04567307692307692 0.07692307692307693
23 0.11658653846153846 0.6838942307692307 0.05048076923076923 0.08173076923076923
23 0.10697115384615384 0.6057692307692307 0.038461538461538464 0.07451923076923077
23 0.057692307692307696 0.8545673076923077 0.057692307692307696 0.10096153846153846
23 0.042067307692307696 0.8990384615384616 0.0673076923076923 0.07692307692307693
23 0.07692307692307693 0.7512019230769231 0.04567307692307692 0.09134615384615384
23 0.08052884615384616 0.5985576923076923 0.052884615384615384 0.07451923076923077
23 0.027644230769230768 0.9074519230769231 0.03125 0.05048076923076923
23 0.038461538461538464 0.7836538461538461 0.04807692307692308 0.08413461538461539
23 0.05889423076923077 0.6550480769230769 0.04326923076923077 0.08413461538461539
23 0.021634615384615384 0.8064903846153846 0.04326923076923077 0.10336538461538461
23 0.025240384615384616 0.6766826923076923 0.038461538461538464 0.07211538461538461
23 0.042067307692307696 0.5757211538461539 0.028846153846153848 0.06009615384615385
23 0.008413461538461538 0.8353365384615384 0.016826923076923076 0.08413461538461539
23 0.004807692307692308 0.6105769230769231 0.009615384615384616 0.07692307692307693