23 0.9326923076923077 0.23076923076923078 0.0625 0.12980769230769232
23 0.9483173076923077 0.36538461538461536 0.0625 0.10576923076923077
23 0.9350961538461539 0.328125 0.07211538461538461 0.11778846153846154
23 0.9230769230769231 0.6009615384615384 0.15384615384615385 0.27884615384615385
23 0.9194711538461539 0.42908653846153844 0.125 0.19951923076923078
23 0.8858173076923077 0.1935096153846154 0.040865384615384616 0.0625
23 0.8713942307692307 0.24639423076923078 0.06971153846153846 0.11298076923076923
23 0.8725961538461539 0.36778846153846156 0.08653846153846154 0.15865384615384615
23 0.8365384615384616 0.26802884615384615 0.06490384615384616 0.12740384615384615
23 0.9170673076923077 0.7944711538461539 0.15144230769230768 0.25240384615384615
23 0.8689903846153846 0.6670673076923077 0.15144230769230768 0.18028846153846154
23 0.8485576923076923 0.5012019230769231 0.10096153846153846 0.1658653846153846
23 0.8185096153846154 0.4026442307692308 0.0985576923076923 0.16346153846153846
23 0.8305288461538461 0.6322115384615384 0.15384615384615385 0.13942307692307693
23 0.7644230769230769 0.38822115384615385 0.07692307692307693 0.15865384615384615
23 0.765625 0.5540865384615384 0.125 0.23798076923076922
23 0.7463942307692307 0.5588942307692307 0.11538461538461539 0.22596153846153846
23 0.6887019230769231 0.453125 0.08653846153846154 0.14423076923076922
23 0.6694711538461539 0.5132211538461539 0.07692307692307693 0.12740384615384615
23 0.6358173076923077 0.5420673076923077 0.11778846153846154 0.17067307692307693
23 0.625 0.45913461538461536 0.08413461538461539 0.10817307692307693
23 0.7115384615384616 0.9110576923076923 0.10817307692307693 0.11778846153846154
23 0.6057692307692307 0.6502403846153846 0.08173076923076923 0.15384615384615385
23 0.5540865384615384 0.6225961538461539 0.13701923076923078 0.25240384615384615
23 0.515625 0.7055288461538461 0.11538461538461539 0.19951923076923078
23 0.5216346153846154 0.7920673076923077 0.10096153846153846 0.125
23 0.5180288461538461 0.8882211538461539 0.16105769230769232 0.22115384615384615
23 0.45552884615384615 0.609375 0.07932692307692307 0.1201923076923077
23 0.4182692307692308 0.6586538461538461 0.10576923076923077 0.16826923076923078
23 0.421875 0.7584134615384616 0.11778846153846154 0.22115384615384615
23 0.34975961538461536 0.7403846153846154 0.11298076923076923 0.14182692307692307
23 0.2776442307692308 0.6995192307692307 0.10336538461538461 0.16346153846153846
23 0.25841346153846156 0.8521634615384616 0.1658653846153846 0.29086538461538464
23 0.20432692307692307 0.7776442307692307 0.1466346153846154 0.25240384615384615
23 0.12139423076923077 0.8485576923076923 0.15144230769230768 0.30288461538461536