23 0.9867788461538461 0.3954326923076923 0.026442307692307692 0.12740384615384615
23 0.9675480769230769 0.5276442307692307 0.052884615384615384 0.10336538461538461
23 0.9675480769230769 0.48677884615384615 0.06009615384615385 0.11538461538461539
23 0.8810096153846154 0.7463942307692307 0.1658653846153846 0.2692307692307692
23 0.9182692307692307 0.5769230769230769 0.10576923076923077 0.19471153846153846
23 0.9675480769230769 0.34375 0.036057692307692304 0.06009615384615385
23 0.9362980769230769 0.3894230769230769 0.06009615384615385 0.11057692307692307
23 0.8954326923076923 0.5036057692307693 0.07211538461538461 0.15625
23 0.8954326923076923 0.39663461538461536 0.055288461538461536 0.125
23 0.7908653846153846 0.8978365384615384 0.12980769230769232 0.20432692307692307
23 0.7896634615384616 0.7836538461538461 0.13942307692307693 0.17067307692307693
23 0.8269230769230769 0.6201923076923077 0.08653846153846154 0.16105769230769232
23 0.8317307692307693 0.5180288461538461 0.08413461538461539 0.15865384615384615
23 0.765625 0.7367788461538461 0.14423076923076922 0.12740384615384615
23 0.7860576923076923 0.4855769230769231 0.0625 0.15865384615384615
23 0.7307692307692307 0.640625 0.10336538461538461 0.23557692307692307
23 0.7115384615384616 0.6394230769230769 0.09375 0.22355769230769232
23 0.6935096153846154 0.5204326923076923 0.07451923076923077 0.14182692307692307
23 0.6550480769230769 0.5697115384615384 0.06490384615384616 0.125
23 0.6129807692307693 0.5853365384615384 0.10336538461538461 0.1658653846153846
23 0.6310096153846154 0.5036057692307693 0.07451923076923077 0.10336538461538461
23 0.5576923076923077 0.9519230769230769 0.10096153846153846 0.09615384615384616
23 0.5480769230769231 0.6778846153846154 0.0673076923076923 0.15144230769230768
23 0.5084134615384616 0.6346153846153846 0.11298076923076923 0.24759615384615385
23 0.44350961538461536 0.6995192307692307 0.09615384615384616 0.1971153846153846
23 0.4206730769230769 0.7824519230769231 0.09134615384615384 0.11778846153846154
23 0.38461538461538464 0.8713942307692307 0.14423076923076922 0.21153846153846154
23 0.421875 0.5877403846153846 0.0673076923076923 0.11778846153846154
23 0.36899038461538464 0.6201923076923077 0.09134615384615384 0.16346153846153846
23 0.33774038461538464 0.7163461538461539 0.09615384615384616 0.21875
23 0.2764423076923077 0.6742788461538461 0.10096153846153846 0.1346153846153846
23 0.22235576923076922 0.6117788461538461 0.0889423076923077 0.15865384615384615
23 0.15264423076923078 0.7475961538461539 0.13942307692307693 0.28365384615384615
23 0.12620192307692307 0.6598557692307693 0.12259615384615384 0.24759615384615385
23 0.04326923076923077 0.6995192307692307 0.08653846153846154 0.2980769230769231