23 0.018028846153846152 0.33533653846153844 0.03485576923076923 0.125
23 0.03245192307692308 0.4699519230769231 0.040865384615384616 0.0985576923076923
23 0.037259615384615384 0.43028846153846156 0.04807692307692308 0.109375
23 0.09134615384615384 0.6983173076923077 0.13581730769230768 0.2536057692307692
23 0.07572115384615384 0.5252403846153846 0.08413461538461539 0.18629807692307693
23 0.055288461538461536 0.28846153846153844 0.028846153846153848 0.057692307692307696
23 0.08052884615384616 0.33653846153846156 0.04807692307692308 0.1045673076923077
23 0.10697115384615384 0.45552884615384615 0.054086538461538464 0.15144230769230768
23 0.1201923076923077 0.34975961538461536 0.039663461538461536 0.12139423076923077
23 0.15985576923076922 0.8810096153846154 0.10216346153846154 0.23557692307692307
23 0.1778846153846154 0.7463942307692307 0.1201923076923077 0.15625
23 0.16105769230769232 0.5793269230769231 0.06850961538461539 0.15384615384615385
23 0.16826923076923078 0.47716346153846156 0.06610576923076923 0.15144230769230768
23 0.20793269230769232 0.703125 0.13221153846153846 0.11298076923076923
23 0.21754807692307693 0.45072115384615385 0.04326923076923077 0.15384615384615385
23 0.2536057692307692 0.6117788461538461 0.07692307692307693 0.22716346153846154
23 0.27283653846153844 0.6129807692307693 0.0673076923076923 0.21634615384615385
23 0.30528846153846156 0.4963942307692308 0.05889423076923077 0.1346153846153846
23 0.33774038461538464 0.5504807692307693 0.05048076923076923 0.11899038461538461
23 0.37740384615384615 0.5709134615384616 0.08533653846153846 0.15625
23 0.36899038461538464 0.4879807692307692 0.06370192307692307 0.09615384615384616
23 0.3858173076923077 0.9483173076923077 0.0889423076923077 0.10096153846153846
23 0.43028846153846156 0.6706730769230769 0.05048076923076923 0.14543269230769232
23 0.47475961538461536 0.6322115384615384 0.08533653846153846 0.23918269230769232
23 0.53125 0.7043269230769231 0.07451923076923077 0.18870192307692307
23 0.5444711538461539 0.7896634615384616 0.07932692307692307 0.109375
23 0.5697115384615384 0.8822115384615384 0.1201923076923077 0.19831730769230768
23 0.5673076923076923 0.5961538461538461 0.055288461538461536 0.11177884615384616
23 0.6153846153846154 0.6358173076923077 0.07211538461538461 0.15625
23 0.6346153846153846 0.734375 0.07091346153846154 0.21153846153846154
23 0.7007211538461539 0.7007211538461539 0.08653846153846154 0.125
23 0.7620192307692307 0.6442307692307693 0.07211538461538461 0.1502403846153846
23 0.8149038461538461 0.7884615384615384 0.10817307692307693 0.27283653846153844
23 0.8509615384615384 0.7043269230769231 0.09495192307692307 0.23677884615384615
23 0.9459134615384616 0.7560096153846154 0.0889423076923077 0.28966346153846156