23 0.9483173076923077 0.19110576923076922 0.0889423076923077 0.19471153846153846
23 0.9026442307692307 0.16346153846153846 0.04567307692307692 0.18028846153846154
23 0.8629807692307693 0.18870192307692307 0.05048076923076923 0.15384615384615385
23 0.8293269230769231 0.2091346153846154 0.06971153846153846 0.13942307692307693
23 0.8064903846153846 0.13581730769230768 0.016826923076923076 0.0673076923076923
23 0.6802884615384616 0.49759615384615385 0.2091346153846154 0.5889423076923077
23 0.7295673076923077 0.19230769230769232 0.016826923076923076 0.06971153846153846
23 0.7115384615384616 0.19471153846153846 0.038461538461538464 0.12259615384615384
23 0.4951923076923077 0.5 0.27163461538461536 0.8701923076923077
23 0.39903846153846156 0.7211538461538461 0.17067307692307693 0.5192307692307693
23 0.3245192307692308 0.5420673076923077 0.23317307692307693 0.7524038461538461
23 0.20192307692307693 0.29086538461538464 0.055288461538461536 0.1658653846153846
23 0.16466346153846154 0.3125 0.055288461538461536 0.08653846153846154
23 0.10216346153846154 0.6622596153846154 0.20432692307692307 0.2668269230769231
23 0.09014423076923077 0.5588942307692307 0.18028846153846154 0.11778846153846154
23 0.06370192307692307 0.47596153846153844 0.12740384615384615 0.15384615384615385