23 0.040865384615384616 0.20673076923076922 0.08173076923076923 0.19230769230769232
23 0.08533653846153846 0.1778846153846154 0.039663461538461536 0.1778846153846154
23 0.12620192307692307 0.20192307692307693 0.04567307692307692 0.15264423076923078
23 0.16105769230769232 0.22115384615384615 0.06610576923076923 0.13701923076923078
23 0.1814903846153846 0.1466346153846154 0.015625 0.06610576923076923
23 0.31971153846153844 0.5036057692307693 0.18870192307692307 0.5829326923076923
23 0.25961538461538464 0.20072115384615385 0.015625 0.06850961538461539
23 0.2776442307692308 0.20192307692307693 0.03485576923076923 0.12139423076923077
23 0.5048076923076923 0.5 0.24278846153846154 0.8629807692307693
23 0.6081730769230769 0.7175480769230769 0.15384615384615385 0.5132211538461539
23 0.6766826923076923 0.5360576923076923 0.20673076923076922 0.7463942307692307
23 0.7908653846153846 0.2800480769230769 0.04927884615384615 0.16346153846153846
23 0.828125 0.3004807692307692 0.051682692307692304 0.08413461538461539
23 0.9026442307692307 0.6478365384615384 0.19471153846153846 0.2608173076923077
23 0.9110576923076923 0.5444711538461539 0.17668269230769232 0.11057692307692307
23 0.9362980769230769 0.46033653846153844 0.125 0.1502403846153846