23 0.02403846153846154 0.3173076923076923 0.04807692307692308 0.20673076923076922
23 0.03125 0.27884615384615385 0.0625 0.18269230769230768
23 0.06850961538461539 0.2932692307692308 0.07932692307692307 0.15865384615384615
23 0.10697115384615384 0.30408653846153844 0.09615384615384616 0.14903846153846154
23 0.11057692307692307 0.22716346153846154 0.03125 0.0673076923076923
23 0.32572115384615385 0.5444711538461539 0.31490384615384615 0.6105769230769231
23 0.19831730769230768 0.2620192307692308 0.03125 0.06971153846153846
23 0.21634615384615385 0.25961538461538464 0.06009615384615385 0.125
23 0.5048076923076923 0.4987980769230769 0.43028846153846156 0.8966346153846154
23 0.6538461538461539 0.6875 0.2644230769230769 0.5336538461538461
23 0.6802884615384616 0.4951923076923077 0.3701923076923077 0.7740384615384616
23 0.734375 0.21995192307692307 0.08413461538461539 0.17067307692307693
23 0.7752403846153846 0.23197115384615385 0.06971153846153846 0.09375
23 0.9002403846153846 0.5528846153846154 0.19951923076923078 0.2980769230769231
23 0.90625 0.45072115384615385 0.1875 0.1466346153846154
23 0.9158653846153846 0.3629807692307692 0.15625 0.17548076923076922