23 0.9903846153846154 0.0985576923076923 0.019230769230769232 0.0673076923076923
23 0.9891826923076923 0.15144230769230768 0.019230769230769232 0.07211538461538461
23 0.9819711538461539 0.19591346153846154 0.016826923076923076 0.07932692307692307
23 0.9242788461538461 0.203125 0.019230769230769232 0.05048076923076923
23 0.8149038461538461 0.3894230769230769 0.028846153846153848 0.028846153846153848
23 0.7980769230769231 0.5180288461538461 0.016826923076923076 0.052884615384615384
23 0.78125 0.5360576923076923 0.019230769230769232 0.05048076923076923
23 0.7608173076923077 0.5504807692307693 0.021634615384615384 0.04326923076923077
23 0.7608173076923077 0.5096153846153846 0.014423076923076924 0.03365384615384615
23 0.7355769230769231 0.5252403846153846 0.019230769230769232 0.040865384615384616
23 0.7295673076923077 0.6213942307692307 0.028846153846153848 0.04807692307692308
23 0.7115384615384616 0.6117788461538461 0.03365384615384615 0.04807692307692308
23 0.7091346153846154 0.5396634615384616 0.02403846153846154 0.038461538461538464
23 0.7067307692307693 0.5600961538461539 0.028846153846153848 0.028846153846153848
23 0.6959134615384616 0.71875 0.019230769230769232 0.055288461538461536
23 0.6850961538461539 0.6201923076923077 0.016826923076923076 0.03365384615384615
23 0.6790865384615384 0.5685096153846154 0.019230769230769232 0.03125
23 0.6730769230769231 0.7295673076923077 0.02403846153846154 0.07932692307692307
23 0.6682692307692307 0.5949519230769231 0.028846153846153848 0.055288461538461536
23 0.6550480769230769 0.5588942307692307 0.007211538461538462 0.03365384615384615
23 0.6418269230769231 0.578125 0.019230769230769232 0.04326923076923077
23 0.6153846153846154 0.8846153846153846 0.04326923076923077 0.028846153846153848
23 0.6225961538461539 0.7572115384615384 0.02403846153846154 0.07211538461538461
23 0.6153846153846154 0.6959134615384616 0.028846153846153848 0.038461538461538464
23 0.6141826923076923 0.6935096153846154 0.02403846153846154 0.038461538461538464
23 0.6057692307692307 0.5829326923076923 0.038461538461538464 0.04807692307692308
23 0.6153846153846154 0.6730769230769231 0.009615384615384616 0.03365384615384615
23 0.6057692307692307 0.6574519230769231 0.019230769230769232 0.03365384615384615
23 0.5901442307692307 0.7800480769230769 0.028846153846153848 0.057692307692307696
23 0.5865384615384616 0.6742788461538461 0.02403846153846154 0.03365384615384615
23 0.5889423076923077 0.8942307692307693 0.009615384615384616 0.052884615384615384
23 0.5829326923076923 0.7043269230769231 0.01201923076923077 0.028846153846153848
23 0.578125 0.6213942307692307 0.019230769230769232 0.0673076923076923
23 0.5036057692307693 0.5600961538461539 0.15865384615384615 0.07932692307692307
23 0.5685096153846154 0.8293269230769231 0.028846153846153848 0.04567307692307692
23 0.5576923076923077 0.6237980769230769 0.03365384615384615 0.07211538461538461
23 0.5600961538461539 0.7403846153846154 0.02403846153846154 0.04807692307692308
23 0.5576923076923077 0.8173076923076923 0.028846153846153848 0.028846153846153848
23 0.5637019230769231 0.6814903846153846 0.014423076923076924 0.019230769230769232
23 0.5516826923076923 0.6850961538461539 0.038461538461538464 0.04807692307692308
23 0.5600961538461539 0.6538461538461539 0.016826923076923076 0.009615384615384616
23 0.5552884615384616 0.7860576923076923 0.019230769230769232 0.040865384615384616
23 0.5456730769230769 0.7439903846153846 0.02403846153846154 0.0625
23 0.5324519230769231 0.6298076923076923 0.028846153846153848 0.03365384615384615
23 0.4951923076923077 0.6935096153846154 0.016826923076923076 0.0625
23 0.4831730769230769 0.8317307692307693 0.021634615384615384 0.028846153846153848
23 0.48197115384615385 0.8846153846153846 0.019230769230769232 0.07692307692307693
23 0.4723557692307692 0.7115384615384616 0.016826923076923076 0.057692307692307696
23 0.4651442307692308 0.8245192307692307 0.016826923076923076 0.028846153846153848
23 0.45552884615384615 0.9098557692307693 0.02403846153846154 0.0673076923076923
23 0.453125 0.7391826923076923 0.021634615384615384 0.028846153846153848
23 0.4495192307692308 0.7752403846153846 0.021634615384615384 0.040865384615384616
23 0.45072115384615385 0.828125 0.019230769230769232 0.04567307692307692
23 0.4326923076923077 0.7247596153846154 0.01201923076923077 0.02403846153846154
23 0.4266826923076923 0.8197115384615384 0.02403846153846154 0.028846153846153848
23 0.4254807692307692 0.7103365384615384 0.02403846153846154 0.038461538461538464
23 0.421875 0.7007211538461539 0.016826923076923076 0.038461538461538464
23 0.41346153846153844 0.8016826923076923 0.021634615384615384 0.03365384615384615
23 0.4074519230769231 0.8233173076923077 0.02403846153846154 0.05048076923076923
23 0.39302884615384615 0.7247596153846154 0.03365384615384615 0.05048076923076923
23 0.3894230769230769 0.7836538461538461 0.019230769230769232 0.04567307692307692
23 0.3798076923076923 0.9182692307692307 0.021634615384615384 0.04807692307692308
23 0.3762019230769231 0.8293269230769231 0.021634615384615384 0.04567307692307692
23 0.36899038461538464 0.7403846153846154 0.019230769230769232 0.040865384615384616
23 0.3629807692307692 0.7836538461538461 0.019230769230769232 0.0673076923076923
23 0.3425480769230769 0.6117788461538461 0.014423076923076924 0.03365384615384615
23 0.25721153846153844 0.2800480769230769 0.021634615384615384 0.03365384615384615
23 0.20072115384615385 0.21634615384615385 0.02403846153846154 0.07211538461538461
23 0.18269230769230768 0.09735576923076923 0.016826923076923076 0.0625
23 0.16826923076923078 0.11298076923076923 0.016826923076923076 0.02403846153846154
23 0.14783653846153846 0.1045673076923077 0.02403846153846154 0.03125
23 0.14302884615384615 0.14543269230769232 0.036057692307692304 0.055288461538461536
23 0.13701923076923078 0.16466346153846154 0.014423076923076924 0.014423076923076924
23 0.12259615384615384 0.09615384615384616 0.02403846153846154 0.04326923076923077
23 0.11538461538461539 0.1814903846153846 0.021634615384615384 0.0625
23 0.09735576923076923 0.04567307692307692 0.026442307692307692 0.057692307692307696
23 0.09495192307692307 0.13822115384615385 0.021634615384615384 0.055288461538461536
23 0.078125 0.16466346153846154 0.04326923076923077 0.06009615384615385
23 0.07932692307692307 0.4735576923076923 0.038461538461538464 0.038461538461538464
23 0.08413461538461539 0.25721153846153844 0.019230769230769232 0.040865384615384616
23 0.07692307692307693 0.028846153846153848 0.02403846153846154 0.057692307692307696
23 0.07572115384615384 0.11057692307692307 0.026442307692307692 0.028846153846153848
23 0.07091346153846154 0.08533653846153846 0.02403846153846154 0.03125
23 0.06610576923076923 0.24158653846153846 0.026442307692307692 0.04326923076923077
23 0.051682692307692304 0.47716346153846156 0.036057692307692304 0.038461538461538464
23 0.056490384615384616 0.20673076923076922 0.02403846153846154 0.038461538461538464
23 0.054086538461538464 0.019230769230769232 0.014423076923076924 0.038461538461538464
23 0.04567307692307692 0.12980769230769232 0.026442307692307692 0.052884615384615384
23 0.028846153846153848 0.23918269230769232 0.04807692307692308 0.04807692307692308
23 0.03245192307692308 0.018028846153846152 0.019230769230769232 0.03365384615384615
23 0.03125 0.07692307692307693 0.021634615384615384 0.028846153846153848
23 0.026442307692307692 0.13942307692307693 0.019230769230769232 0.03125
23 0.01201923076923077 0.013221153846153846 0.019230769230769232 0.026442307692307692
23 0.008413461538461538 0.14302884615384615 0.016826923076923076 0.038461538461538464
23 0.007211538461538462 0.057692307692307696 0.009615384615384616 0.04326923076923077