23 0.009615384615384616 0.0985576923076923 0.018028846153846152 0.06850961538461539
23 0.010817307692307692 0.15144230769230768 0.020432692307692308 0.07211538461538461
23 0.018028846153846152 0.19591346153846154 0.016826923076923076 0.07932692307692307
23 0.07572115384615384 0.203125 0.019230769230769232 0.05048076923076923
23 0.18509615384615385 0.3894230769230769 0.030048076923076924 0.028846153846153848
23 0.20192307692307693 0.5180288461538461 0.016826923076923076 0.051682692307692304
23 0.21875 0.5360576923076923 0.019230769230769232 0.05048076923076923
23 0.23918269230769232 0.5504807692307693 0.021634615384615384 0.04447115384615385
23 0.23918269230769232 0.5096153846153846 0.014423076923076924 0.03485576923076923
23 0.2644230769230769 0.5252403846153846 0.019230769230769232 0.040865384615384616
23 0.2704326923076923 0.6213942307692307 0.027644230769230768 0.046875
23 0.28846153846153844 0.6117788461538461 0.03485576923076923 0.04807692307692308
23 0.29086538461538464 0.5396634615384616 0.02283653846153846 0.038461538461538464
23 0.2932692307692308 0.5600961538461539 0.028846153846153848 0.028846153846153848
23 0.30408653846153844 0.71875 0.018028846153846152 0.055288461538461536
23 0.31490384615384615 0.6201923076923077 0.016826923076923076 0.03245192307692308
23 0.32091346153846156 0.5685096153846154 0.019230769230769232 0.03125
23 0.3269230769230769 0.7295673076923077 0.02283653846153846 0.07932692307692307
23 0.3317307692307692 0.5949519230769231 0.028846153846153848 0.055288461538461536
23 0.3449519230769231 0.5588942307692307 0.007211538461538462 0.03485576923076923
23 0.3581730769230769 0.578125 0.020432692307692308 0.042067307692307696
23 0.38461538461538464 0.8846153846153846 0.04447115384615385 0.028846153846153848
23 0.37740384615384615 0.7572115384615384 0.025240384615384616 0.07091346153846154
23 0.38461538461538464 0.6959134615384616 0.030048076923076924 0.038461538461538464
23 0.3858173076923077 0.6935096153846154 0.02403846153846154 0.037259615384615384
23 0.3942307692307692 0.5829326923076923 0.038461538461538464 0.04807692307692308
23 0.38461538461538464 0.6730769230769231 0.008413461538461538 0.03485576923076923
23 0.3942307692307692 0.6574519230769231 0.020432692307692308 0.03485576923076923
23 0.4098557692307692 0.7800480769230769 0.030048076923076924 0.057692307692307696
23 0.41346153846153844 0.6742788461538461 0.02283653846153846 0.03245192307692308
23 0.4110576923076923 0.8942307692307693 0.010817307692307692 0.051682692307692304
23 0.4170673076923077 0.7043269230769231 0.01201923076923077 0.027644230769230768
23 0.421875 0.6213942307692307 0.018028846153846152 0.06850961538461539
23 0.4963942307692308 0.5600961538461539 0.15985576923076922 0.07932692307692307
23 0.43149038461538464 0.8293269230769231 0.027644230769230768 0.04567307692307692
23 0.4423076923076923 0.6237980769230769 0.03245192307692308 0.0733173076923077
23 0.43990384615384615 0.7403846153846154 0.02283653846153846 0.04807692307692308
23 0.4423076923076923 0.8173076923076923 0.027644230769230768 0.028846153846153848
23 0.4362980769230769 0.6814903846153846 0.013221153846153846 0.020432692307692308
23 0.4483173076923077 0.6850961538461539 0.038461538461538464 0.04927884615384615
23 0.43990384615384615 0.6538461538461539 0.016826923076923076 0.009615384615384616
23 0.44471153846153844 0.7860576923076923 0.019230769230769232 0.040865384615384616
23 0.4543269230769231 0.7439903846153846 0.02283653846153846 0.06370192307692307
23 0.4675480769230769 0.6298076923076923 0.027644230769230768 0.03245192307692308
23 0.5048076923076923 0.6935096153846154 0.016826923076923076 0.06370192307692307
23 0.5168269230769231 0.8317307692307693 0.021634615384615384 0.027644230769230768
23 0.5180288461538461 0.8846153846153846 0.020432692307692308 0.07572115384615384
23 0.5276442307692307 0.7115384615384616 0.016826923076923076 0.057692307692307696
23 0.5348557692307693 0.8245192307692307 0.016826923076923076 0.028846153846153848
23 0.5444711538461539 0.9098557692307693 0.02283653846153846 0.06610576923076923
23 0.546875 0.7391826923076923 0.021634615384615384 0.027644230769230768
23 0.5504807692307693 0.7752403846153846 0.021634615384615384 0.040865384615384616
23 0.5492788461538461 0.828125 0.018028846153846152 0.04567307692307692
23 0.5673076923076923 0.7247596153846154 0.01201923076923077 0.02403846153846154
23 0.5733173076923077 0.8197115384615384 0.02403846153846154 0.027644230769230768
23 0.5745192307692307 0.7103365384615384 0.02403846153846154 0.037259615384615384
23 0.578125 0.7007211538461539 0.016826923076923076 0.037259615384615384
23 0.5865384615384616 0.8016826923076923 0.021634615384615384 0.03245192307692308
23 0.5925480769230769 0.8233173076923077 0.025240384615384616 0.05048076923076923
23 0.6069711538461539 0.7247596153846154 0.03245192307692308 0.05048076923076923
23 0.6105769230769231 0.7836538461538461 0.019230769230769232 0.04567307692307692
23 0.6201923076923077 0.9182692307692307 0.021634615384615384 0.04927884615384615
23 0.6237980769230769 0.8293269230769231 0.021634615384615384 0.04567307692307692
23 0.6310096153846154 0.7403846153846154 0.019230769230769232 0.040865384615384616
23 0.6370192307692307 0.7836538461538461 0.018028846153846152 0.06850961538461539
23 0.6574519230769231 0.6117788461538461 0.013221153846153846 0.03245192307692308
23 0.7427884615384616 0.2800480769230769 0.021634615384615384 0.03245192307692308
23 0.7992788461538461 0.21634615384615385 0.025240384615384616 0.07091346153846154
23 0.8173076923076923 0.09735576923076923 0.016826923076923076 0.06129807692307692
23 0.8317307692307693 0.11298076923076923 0.016826923076923076 0.02403846153846154
23 0.8521634615384616 0.1045673076923077 0.025240384615384616 0.03125
23 0.8569711538461539 0.14543269230769232 0.036057692307692304 0.055288461538461536
23 0.8629807692307693 0.16466346153846154 0.013221153846153846 0.015625
23 0.8774038461538461 0.09615384615384616 0.02403846153846154 0.04447115384615385
23 0.8846153846153846 0.1814903846153846 0.021634615384615384 0.06129807692307692
23 0.9026442307692307 0.04567307692307692 0.026442307692307692 0.056490384615384616
23 0.9050480769230769 0.13822115384615385 0.021634615384615384 0.055288461538461536
23 0.921875 0.16466346153846154 0.042067307692307696 0.06009615384615385
23 0.9206730769230769 0.4735576923076923 0.038461538461538464 0.038461538461538464
23 0.9158653846153846 0.25721153846153844 0.020432692307692308 0.040865384615384616
23 0.9230769230769231 0.028846153846153848 0.02403846153846154 0.057692307692307696
23 0.9242788461538461 0.11057692307692307 0.026442307692307692 0.028846153846153848
23 0.9290865384615384 0.08533653846153846 0.02283653846153846 0.03125
23 0.9338942307692307 0.24158653846153846 0.026442307692307692 0.042067307692307696
23 0.9483173076923077 0.47716346153846156 0.036057692307692304 0.038461538461538464
23 0.9435096153846154 0.20673076923076922 0.025240384615384616 0.037259615384615384
23 0.9459134615384616 0.019230769230769232 0.015625 0.038461538461538464
23 0.9543269230769231 0.12980769230769232 0.026442307692307692 0.054086538461538464
23 0.9711538461538461 0.23918269230769232 0.04807692307692308 0.04807692307692308
23 0.9675480769230769 0.018028846153846152 0.019230769230769232 0.03485576923076923
23 0.96875 0.07692307692307693 0.021634615384615384 0.030048076923076924
23 0.9735576923076923 0.13942307692307693 0.019230769230769232 0.03125
23 0.9879807692307693 0.013221153846153846 0.019230769230769232 0.026442307692307692
23 0.9915865384615384 0.14302884615384615 0.016826923076923076 0.038461538461538464
23 0.9927884615384616 0.057692307692307696 0.010817307692307692 0.04447115384615385