23 0.9615384615384616 0.06490384615384616 0.021634615384615384 0.06971153846153846
23 0.9639423076923077 0.11778846153846154 0.026442307692307692 0.07451923076923077
23 0.9591346153846154 0.16346153846153846 0.021634615384615384 0.07932692307692307
23 0.9026442307692307 0.17427884615384615 0.021634615384615384 0.052884615384615384
23 0.8064903846153846 0.36778846153846156 0.03125 0.03125
23 0.7980769230769231 0.49759615384615385 0.019230769230769232 0.052884615384615384
23 0.7836538461538461 0.5168269230769231 0.021634615384615384 0.052884615384615384
23 0.7632211538461539 0.5324519230769231 0.02403846153846154 0.04567307692307692
23 0.7608173076923077 0.49158653846153844 0.016826923076923076 0.036057692307692304
23 0.7367788461538461 0.5084134615384616 0.021634615384615384 0.04326923076923077
23 0.7379807692307693 0.6045673076923077 0.03125 0.04807692307692308
23 0.71875 0.5961538461538461 0.038461538461538464 0.05048076923076923
23 0.7115384615384616 0.5252403846153846 0.026442307692307692 0.040865384615384616
23 0.7103365384615384 0.5456730769230769 0.03125 0.03125
23 0.7103365384615384 0.7043269230769231 0.021634615384615384 0.055288461538461536
23 0.6935096153846154 0.6069711538461539 0.019230769230769232 0.03365384615384615
23 0.6838942307692307 0.5552884615384616 0.021634615384615384 0.03365384615384615
23 0.6887019230769231 0.7163461538461539 0.028846153846153848 0.08173076923076923
23 0.6742788461538461 0.5829326923076923 0.03365384615384615 0.057692307692307696
23 0.6586538461538461 0.5480769230769231 0.009615384615384616 0.036057692307692304
23 0.6466346153846154 0.5685096153846154 0.02403846153846154 0.04326923076923077
23 0.6418269230769231 0.8762019230769231 0.04567307692307692 0.03125
23 0.640625 0.7475961538461539 0.03125 0.07211538461538461
23 0.6286057692307693 0.6875 0.03365384615384615 0.040865384615384616
23 0.6274038461538461 0.6850961538461539 0.026442307692307692 0.038461538461538464
23 0.6117788461538461 0.5757211538461539 0.040865384615384616 0.05048076923076923
23 0.6274038461538461 0.6646634615384616 0.01201923076923077 0.036057692307692304
23 0.6165865384615384 0.6502403846153846 0.021634615384615384 0.036057692307692304
23 0.609375 0.7728365384615384 0.03365384615384615 0.06009615384615385
23 0.5985576923076923 0.6682692307692307 0.02403846153846154 0.03365384615384615
23 0.6165865384615384 0.8870192307692307 0.014423076923076924 0.052884615384615384
23 0.5973557692307693 0.6983173076923077 0.014423076923076924 0.028846153846153848
23 0.5865384615384616 0.6153846153846154 0.021634615384615384 0.06971153846153846
23 0.5072115384615384 0.5600961538461539 0.1658653846153846 0.09134615384615384
23 0.5913461538461539 0.8233173076923077 0.03125 0.04807692307692308
23 0.5661057692307693 0.6189903846153846 0.038461538461538464 0.07451923076923077
23 0.5769230769230769 0.7355769230769231 0.026442307692307692 0.05048076923076923
23 0.5793269230769231 0.8125 0.028846153846153848 0.03125
23 0.5757211538461539 0.6766826923076923 0.014423076923076924 0.021634615384615384
23 0.5649038461538461 0.6814903846153846 0.040865384615384616 0.052884615384615384
23 0.5709134615384616 0.6490384615384616 0.016826923076923076 0.009615384615384616
23 0.5745192307692307 0.78125 0.021634615384615384 0.04326923076923077
23 0.5625 0.7403846153846154 0.026442307692307692 0.06490384615384616
23 0.5408653846153846 0.6274038461538461 0.028846153846153848 0.03365384615384615
23 0.5084134615384616 0.6935096153846154 0.021634615384615384 0.06490384615384616
23 0.5060096153846154 0.8317307692307693 0.02403846153846154 0.028846153846153848
23 0.5084134615384616 0.8846153846153846 0.026442307692307692 0.07692307692307693
23 0.48677884615384615 0.7127403846153846 0.021634615384615384 0.057692307692307696
23 0.4879807692307692 0.8257211538461539 0.019230769230769232 0.028846153846153848
23 0.484375 0.9122596153846154 0.026442307692307692 0.0673076923076923
23 0.4699519230769231 0.7415865384615384 0.02403846153846154 0.028846153846153848
23 0.46875 0.7776442307692307 0.02403846153846154 0.04326923076923077
23 0.4735576923076923 0.8305288461538461 0.021634615384615384 0.04567307692307692
23 0.4483173076923077 0.7283653846153846 0.014423076923076924 0.02403846153846154
23 0.4495192307692308 0.8245192307692307 0.026442307692307692 0.028846153846153848
23 0.43990384615384615 0.7151442307692307 0.026442307692307692 0.038461538461538464
23 0.4362980769230769 0.7055288461538461 0.019230769230769232 0.038461538461538464
23 0.43509615384615385 0.8064903846153846 0.02403846153846154 0.03365384615384615
23 0.43028846153846156 0.8293269230769231 0.028846153846153848 0.052884615384615384
23 0.40865384615384615 0.7319711538461539 0.036057692307692304 0.052884615384615384
23 0.4098557692307692 0.7908653846153846 0.021634615384615384 0.04807692307692308
23 0.4098557692307692 0.9254807692307693 0.02403846153846154 0.05048076923076923
23 0.39903846153846156 0.8377403846153846 0.02403846153846154 0.04807692307692308
23 0.3858173076923077 0.7487980769230769 0.021634615384615384 0.04326923076923077
23 0.38341346153846156 0.7920673076923077 0.021634615384615384 0.06971153846153846
23 0.35096153846153844 0.6225961538461539 0.014423076923076924 0.03365384615384615
23 0.24278846153846154 0.2980769230769231 0.02403846153846154 0.03365384615384615
23 0.1814903846153846 0.23798076923076922 0.03125 0.07211538461538461
23 0.15504807692307693 0.1201923076923077 0.021634615384615384 0.0625
23 0.14182692307692307 0.13701923076923078 0.019230769230769232 0.02403846153846154
23 0.12139423076923077 0.12980769230769232 0.026442307692307692 0.03365384615384615
23 0.11899038461538461 0.17067307692307693 0.040865384615384616 0.057692307692307696
23 0.1141826923076923 0.19110576923076922 0.014423076923076924 0.016826923076923076
23 0.09495192307692307 0.12379807692307693 0.026442307692307692 0.04567307692307692
23 0.09375 0.2091346153846154 0.026442307692307692 0.0625
23 0.06610576923076923 0.07451923076923077 0.03125 0.057692307692307696
23 0.07091346153846154 0.16706730769230768 0.026442307692307692 0.057692307692307696
23 0.055288461538461536 0.19471153846153846 0.04567307692307692 0.0625
23 0.078125 0.5024038461538461 0.040865384615384616 0.040865384615384616
23 0.06850961538461539 0.28725961538461536 0.02403846153846154 0.04326923076923077
23 0.04567307692307692 0.06009615384615385 0.028846153846153848 0.06009615384615385
23 0.04927884615384615 0.140625 0.028846153846153848 0.03125
23 0.04326923076923077 0.11658653846153846 0.02403846153846154 0.03365384615384615
23 0.04927884615384615 0.27283653846153844 0.028846153846153848 0.04326923076923077
23 0.051682692307692304 0.5084134615384616 0.038461538461538464 0.040865384615384616
23 0.037259615384615384 0.23798076923076922 0.028846153846153848 0.038461538461538464
23 0.021634615384615384 0.051682692307692304 0.019230769230769232 0.038461538461538464
23 0.020432692307692308 0.1622596153846154 0.03125 0.055288461538461536
23 0.018028846153846152 0.27283653846153844 0.036057692307692304 0.05048076923076923
23 0.004807692307692308 0.051682692307692304 0.009615384615384616 0.036057692307692304
23 0.007211538461538462 0.109375 0.014423076923076924 0.03125
23 0.006009615384615385 0.17307692307692307 0.01201923076923077 0.03365384615384615