23 0.9567307692307693 0.6237980769230769 0.07932692307692307 0.13942307692307693
23 0.9110576923076923 0.5949519230769231 0.06490384615384616 0.1346153846153846
23 0.8461538461538461 0.7644230769230769 0.09615384615384616 0.2644230769230769
23 0.8810096153846154 0.6045673076923077 0.0673076923076923 0.13942307692307693
23 0.7776442307692307 0.7884615384615384 0.16346153846153846 0.3293269230769231
23 0.8233173076923077 0.5805288461538461 0.07692307692307693 0.14423076923076922
23 0.6899038461538461 0.7800480769230769 0.19230769230769232 0.36778846153846156
23 0.7632211538461539 0.5144230769230769 0.02403846153846154 0.057692307692307696
23 0.6009615384615384 0.6766826923076923 0.19471153846153846 0.4254807692307692
23 0.5853365384615384 0.6887019230769231 0.21153846153846154 0.41586538461538464
23 0.45913461538461536 0.6814903846153846 0.18269230769230768 0.36778846153846156
23 0.4879807692307692 0.5240384615384616 0.1466346153846154 0.2764423076923077
23 0.39663461538461536 0.6298076923076923 0.12740384615384615 0.25961538461538464
23 0.35096153846153844 0.3918269230769231 0.20673076923076922 0.10817307692307693
23 0.31971153846153844 0.5264423076923077 0.14182692307692307 0.33653846153846156
23 0.2704326923076923 0.6201923076923077 0.18990384615384615 0.34615384615384615
23 0.1875 0.6322115384615384 0.19951923076923078 0.3701923076923077
23 0.203125 0.3088942307692308 0.12740384615384615 0.1346153846153846
23 0.06370192307692307 0.5805288461538461 0.12740384615384615 0.3389423076923077