23 0.026442307692307692 0.5096153846153846 0.04927884615384615 0.1310096153846154
23 0.078125 0.49278846153846156 0.036057692307692304 0.12860576923076922
23 0.09975961538461539 0.6730769230769231 0.03245192307692308 0.2644230769230769
23 0.1045673076923077 0.5096153846153846 0.037259615384615384 0.13341346153846154
23 0.16105769230769232 0.7127403846153846 0.09014423076923077 0.3161057692307692
23 0.16706730769230768 0.5 0.04447115384615385 0.13822115384615385
23 0.24759615384615385 0.7259615384615384 0.11177884615384616 0.35096153846153844
23 0.24158653846153846 0.45072115384615385 0.01201923076923077 0.055288461538461536
23 0.359375 0.6466346153846154 0.09615384615384616 0.41466346153846156
23 0.3713942307692308 0.6622596153846154 0.11899038461538461 0.39903846153846156
23 0.4951923076923077 0.6862980769230769 0.10096153846153846 0.35336538461538464
23 0.5060096153846154 0.5264423076923077 0.08533653846153846 0.2644230769230769
23 0.5685096153846154 0.6514423076923077 0.06971153846153846 0.25
23 0.6706730769230769 0.43149038461538464 0.19831730769230768 0.0625
23 0.6682692307692307 0.5697115384615384 0.06490384615384616 0.33052884615384615
23 0.6935096153846154 0.671875 0.11298076923076923 0.328125
23 0.7716346153846154 0.7043269230769231 0.11658653846153846 0.35336538461538464
23 0.8341346153846154 0.3858173076923077 0.10336538461538461 0.11177884615384616
23 0.9338942307692307 0.6911057692307693 0.11658653846153846 0.31971153846153844