23 0.9735576923076923 0.5096153846153846 0.04807692307692308 0.12980769230769232
23 0.921875 0.49278846153846156 0.036057692307692304 0.12980769230769232
23 0.9002403846153846 0.6730769230769231 0.03365384615384615 0.2644230769230769
23 0.8954326923076923 0.5096153846153846 0.038461538461538464 0.1346153846153846
23 0.8389423076923077 0.7127403846153846 0.09134615384615384 0.3173076923076923
23 0.8329326923076923 0.5 0.04326923076923077 0.13942307692307693
23 0.7524038461538461 0.7259615384615384 0.11057692307692307 0.35096153846153844
23 0.7584134615384616 0.45072115384615385 0.01201923076923077 0.055288461538461536
23 0.640625 0.6466346153846154 0.09615384615384616 0.41346153846153844
23 0.6286057692307693 0.6622596153846154 0.1201923076923077 0.39903846153846156
23 0.5048076923076923 0.6862980769230769 0.10096153846153846 0.35336538461538464
23 0.49399038461538464 0.5264423076923077 0.08653846153846154 0.2644230769230769
23 0.43149038461538464 0.6514423076923077 0.06971153846153846 0.25
23 0.3293269230769231 0.43149038461538464 0.1971153846153846 0.0625
23 0.3317307692307692 0.5697115384615384 0.06490384615384616 0.3317307692307692
23 0.30649038461538464 0.671875 0.11298076923076923 0.3269230769230769
23 0.2283653846153846 0.7043269230769231 0.11538461538461539 0.35336538461538464
23 0.1658653846153846 0.3858173076923077 0.10336538461538461 0.11057692307692307
23 0.06610576923076923 0.6911057692307693 0.11538461538461539 0.31971153846153844