23 0.9639423076923077 0.6045673076923077 0.07211538461538461 0.17067307692307693
23 0.8521634615384616 0.5456730769230769 0.19951923076923078 0.4879807692307692
23 0.7487980769230769 0.5925480769230769 0.09615384615384616 0.3004807692307692
23 0.7211538461538461 0.6502403846153846 0.06490384615384616 0.16105769230769232
23 0.6778846153846154 0.5492788461538461 0.11298076923076923 0.36538461538461536
23 0.6057692307692307 0.5600961538461539 0.17307692307692307 0.37259615384615385
23 0.5240384615384616 0.6165865384615384 0.10336538461538461 0.2620192307692308
23 0.5084134615384616 0.5336538461538461 0.15144230769230768 0.40384615384615385
23 0.4110576923076923 0.5600961538461539 0.07451923076923077 0.15384615384615385
23 0.35216346153846156 0.6598557692307693 0.14903846153846154 0.1346153846153846
23 0.3605769230769231 0.5709134615384616 0.057692307692307696 0.04567307692307692
23 0.21754807692307693 0.5444711538461539 0.23317307692307693 0.42788461538461536
23 0.054086538461538464 0.5793269230769231 0.10817307692307693 0.07692307692307693
23 0.05048076923076923 0.5456730769230769 0.10096153846153846 0.057692307692307696