23 0.03485576923076923 0.5961538461538461 0.06971153846153846 0.17067307692307693
23 0.14783653846153846 0.5396634615384616 0.19230769230769232 0.4855769230769231
23 0.25 0.5889423076923077 0.09134615384615384 0.3004807692307692
23 0.2764423076923077 0.6466346153846154 0.06009615384615385 0.15865384615384615
23 0.32091346153846156 0.5456730769230769 0.10576923076923077 0.36538461538461536
23 0.39302884615384615 0.5576923076923077 0.1658653846153846 0.3701923076923077
23 0.47475961538461536 0.6165865384615384 0.0985576923076923 0.2620192307692308
23 0.49158653846153844 0.5336538461538461 0.14423076923076922 0.4014423076923077
23 0.5877403846153846 0.5612980769230769 0.07211538461538461 0.15384615384615385
23 0.6454326923076923 0.6622596153846154 0.1466346153846154 0.13221153846153846
23 0.6382211538461539 0.5733173076923077 0.057692307692307696 0.04567307692307692
23 0.78125 0.5492788461538461 0.22596153846153846 0.4230769230769231
23 0.9447115384615384 0.5877403846153846 0.11057692307692307 0.07451923076923077
23 0.9495192307692307 0.5540865384615384 0.10096153846153846 0.055288461538461536