23 0.028846153846153848 0.5637019230769231 0.057692307692307696 0.1658653846153846
23 0.14543269230769232 0.5144230769230769 0.15865384615384615 0.47596153846153844
23 0.2439903846153846 0.5709134615384616 0.06971153846153846 0.2956730769230769
23 0.2668269230769231 0.6310096153846154 0.05048076923076923 0.15625
23 0.31850961538461536 0.5336538461538461 0.08173076923076923 0.3605769230769231
23 0.3894230769230769 0.5504807692307693 0.14182692307692307 0.36177884615384615
23 0.46634615384615385 0.6141826923076923 0.08052884615384616 0.25600961538461536
23 0.4891826923076923 0.5324519230769231 0.11778846153846154 0.3942307692307692
23 0.5829326923076923 0.5673076923076923 0.06129807692307692 0.1502403846153846
23 0.6334134615384616 0.671875 0.13822115384615385 0.12259615384615384
23 0.6322115384615384 0.5829326923076923 0.055288461538461536 0.042067307692307696
23 0.7776442307692307 0.5685096153846154 0.19831730769230768 0.4110576923076923
23 0.9423076923076923 0.6189903846153846 0.1141826923076923 0.06610576923076923
23 0.9471153846153846 0.5865384615384616 0.10336538461538461 0.04807692307692308