23 0.12740384615384615 0.7235576923076923 0.0889423076923077 0.19471153846153846
23 0.9399038461538461 0.8317307692307693 0.07692307692307693 0.2548076923076923
23 0.9387019230769231 0.6538461538461539 0.03125 0.07211538461538461
23 0.9002403846153846 0.7103365384615384 0.05048076923076923 0.1201923076923077
23 0.8870192307692307 0.7259615384615384 0.04567307692307692 0.08173076923076923
23 0.8569711538461539 0.7463942307692307 0.0673076923076923 0.1346153846153846
23 0.8125 0.7079326923076923 0.036057692307692304 0.08413461538461539
23 0.7992788461538461 0.7740384615384616 0.04567307692307692 0.09375
23 0.7307692307692307 0.7800480769230769 0.08653846153846154 0.20673076923076922
23 0.6971153846153846 0.765625 0.08173076923076923 0.21153846153846154
23 0.6189903846153846 0.9038461538461539 0.14423076923076922 0.1346153846153846
23 0.6502403846153846 0.7668269230769231 0.08413461538461539 0.18028846153846154
23 0.6514423076923077 0.6694711538461539 0.03125 0.07451923076923077
23 0.5889423076923077 0.7884615384615384 0.07692307692307693 0.19471153846153846
23 0.6081730769230769 0.6923076923076923 0.021634615384615384 0.057692307692307696
23 0.5576923076923077 0.7307692307692307 0.036057692307692304 0.09134615384615384
23 0.5264423076923077 0.75 0.057692307692307696 0.15384615384615385
23 0.4963942307692308 0.7704326923076923 0.057692307692307696 0.10576923076923077
23 0.5192307692307693 0.49759615384615385 0.057692307692307696 0.15865384615384615
23 0.44350961538461536 0.6598557692307693 0.04807692307692308 0.09375
23 0.3894230769230769 0.7451923076923077 0.0889423076923077 0.20192307692307693
23 0.38221153846153844 0.6610576923076923 0.026442307692307692 0.06009615384615385
23 0.3605769230769231 0.6730769230769231 0.028846153846153848 0.06971153846153846
23 0.31850961538461536 0.7560096153846154 0.07451923076923077 0.17067307692307693
23 0.3317307692307692 0.6430288461538461 0.040865384615384616 0.08173076923076923
23 0.3125 0.6466346153846154 0.028846153846153848 0.09134615384615384
23 0.2848557692307692 0.6670673076923077 0.036057692307692304 0.08413461538461539
23 0.2512019230769231 0.765625 0.07692307692307693 0.16346153846153846
23 0.24278846153846154 0.6298076923076923 0.028846153846153848 0.04807692307692308
23 0.22716346153846154 0.6983173076923077 0.038461538461538464 0.0889423076923077
23 0.21514423076923078 0.6322115384615384 0.026442307692307692 0.052884615384615384
23 0.1935096153846154 0.6394230769230769 0.03125 0.09134615384615384
23 0.08774038461538461 0.6634615384615384 0.036057692307692304 0.07211538461538461
23 0.04807692307692308 0.7055288461538461 0.05048076923076923 0.125
23 0.020432692307692308 0.6875 0.040865384615384616 0.11057692307692307