23 0.13942307692307693 0.7427884615384616 0.07932692307692307 0.19230769230769232
23 0.9567307692307693 0.8076923076923077 0.0625 0.2548076923076923
23 0.9459134615384616 0.6310096153846154 0.028846153846153848 0.07211538461538461
23 0.9110576923076923 0.6887019230769231 0.04326923076923077 0.11778846153846154
23 0.8978365384615384 0.7043269230769231 0.04326923076923077 0.07932692307692307
23 0.8701923076923077 0.7271634615384616 0.06009615384615385 0.13221153846153846
23 0.8233173076923077 0.6911057692307693 0.03125 0.08413461538461539
23 0.8137019230769231 0.7584134615384616 0.04326923076923077 0.09134615384615384
23 0.7451923076923077 0.7680288461538461 0.07692307692307693 0.20432692307692307
23 0.7115384615384616 0.7548076923076923 0.06971153846153846 0.2091346153846154
23 0.6394230769230769 0.8966346153846154 0.13942307692307693 0.12740384615384615
23 0.6634615384615384 0.7584134615384616 0.07451923076923077 0.1778846153846154
23 0.6598557692307693 0.6622596153846154 0.028846153846153848 0.07451923076923077
23 0.6045673076923077 0.7836538461538461 0.0673076923076923 0.19230769230769232
23 0.6177884615384616 0.6862980769230769 0.019230769230769232 0.057692307692307696
23 0.5697115384615384 0.7283653846153846 0.03125 0.09134615384615384
23 0.5396634615384616 0.7487980769230769 0.05048076923076923 0.15144230769230768
23 0.5096153846153846 0.7704326923076923 0.05048076923076923 0.10576923076923077
23 0.5192307692307693 0.4963942307692308 0.04807692307692308 0.15865384615384615
23 0.4519230769230769 0.6634615384615384 0.04567307692307692 0.09375
23 0.4026442307692308 0.7512019230769231 0.07932692307692307 0.19951923076923078
23 0.390625 0.6670673076923077 0.02403846153846154 0.06009615384615385
23 0.36899038461538464 0.6802884615384616 0.026442307692307692 0.06971153846153846
23 0.3317307692307692 0.765625 0.06490384615384616 0.16826923076923078
23 0.3401442307692308 0.6514423076923077 0.036057692307692304 0.08173076923076923
23 0.32091346153846156 0.65625 0.02403846153846154 0.09134615384615384
23 0.2932692307692308 0.6778846153846154 0.03125 0.08413461538461539
23 0.265625 0.7788461538461539 0.06971153846153846 0.16105769230769232
23 0.25 0.6430288461538461 0.026442307692307692 0.04567307692307692
23 0.23798076923076922 0.7115384615384616 0.03365384615384615 0.0889423076923077
23 0.22235576923076922 0.6466346153846154 0.02403846153846154 0.052884615384615384
23 0.20072115384615385 0.6550480769230769 0.026442307692307692 0.09134615384615384
23 0.09615384615384616 0.6850961538461539 0.03365384615384615 0.07211538461538461
23 0.06009615384615385 0.7295673076923077 0.04326923076923077 0.12259615384615384
23 0.026442307692307692 0.7139423076923077 0.04567307692307692 0.10817307692307693