23 0.8425480769230769 0.7668269230769231 0.06610576923076923 0.18870192307692307
23 0.02283653846153846 0.7752403846153846 0.04567307692307692 0.2512019230769231
23 0.04567307692307692 0.5997596153846154 0.02403846153846154 0.06971153846153846
23 0.07692307692307693 0.6598557692307693 0.036057692307692304 0.11658653846153846
23 0.0889423076923077 0.6766826923076923 0.037259615384615384 0.07692307692307693
23 0.11538461538461539 0.7007211538461539 0.051682692307692304 0.12980769230769232
23 0.16466346153846154 0.6682692307692307 0.026442307692307692 0.08173076923076923
23 0.16947115384615385 0.7355769230769231 0.036057692307692304 0.0889423076923077
23 0.23677884615384615 0.75 0.06370192307692307 0.20072115384615385
23 0.27163461538461536 0.7391826923076923 0.056490384615384616 0.20552884615384615
23 0.3329326923076923 0.8858173076923077 0.1310096153846154 0.11899038461538461
23 0.31850961538461536 0.7463942307692307 0.0625 0.17307692307692307
23 0.3293269230769231 0.6502403846153846 0.02283653846153846 0.0733173076923077
23 0.3762019230769231 0.7752403846153846 0.055288461538461536 0.18990384615384615
23 0.36899038461538464 0.6778846153846154 0.014423076923076924 0.056490384615384616
23 0.41466346153846156 0.7223557692307693 0.025240384615384616 0.0889423076923077
23 0.44350961538461536 0.7451923076923077 0.039663461538461536 0.14903846153846154
23 0.47115384615384615 0.7692307692307693 0.04447115384615385 0.10216346153846154
23 0.4807692307692308 0.4951923076923077 0.038461538461538464 0.15625
23 0.5360576923076923 0.6658653846153846 0.038461538461538464 0.09014423076923077
23 0.5793269230769231 0.7572115384615384 0.06610576923076923 0.19471153846153846
23 0.5973557692307693 0.6742788461538461 0.019230769230769232 0.05889423076923077
23 0.6177884615384616 0.6887019230769231 0.021634615384615384 0.0673076923076923
23 0.6490384615384616 0.7764423076923077 0.054086538461538464 0.1658653846153846
23 0.6490384615384616 0.6622596153846154 0.03125 0.07932692307692307
23 0.6682692307692307 0.6682692307692307 0.016826923076923076 0.09014423076923077
23 0.6935096153846154 0.6923076923076923 0.026442307692307692 0.08173076923076923
23 0.7139423076923077 0.7944711538461539 0.057692307692307696 0.15745192307692307
23 0.7391826923076923 0.6598557692307693 0.02283653846153846 0.04447115384615385
23 0.7463942307692307 0.7295673076923077 0.027644230769230768 0.08653846153846154
23 0.7668269230769231 0.6658653846153846 0.021634615384615384 0.05048076923076923
23 0.7872596153846154 0.6754807692307693 0.020432692307692308 0.0889423076923077
23 0.8894230769230769 0.7127403846153846 0.028846153846153848 0.06971153846153846
23 0.9230769230769231 0.7596153846153846 0.03485576923076923 0.12139423076923077
23 0.9579326923076923 0.7463942307692307 0.037259615384615384 0.10576923076923077