23 0.22235576923076922 0.33774038461538464 0.24278846153846154 0.23076923076923078
23 0.04567307692307692 0.4411057692307692 0.09134615384615384 0.12740384615384615
23 0.0829326923076923 0.3786057692307692 0.1658653846153846 0.19471153846153846
23 0.16947115384615385 0.3798076923076923 0.11538461538461539 0.14423076923076922
23 0.28725961538461536 0.34375 0.10336538461538461 0.14423076923076922
23 0.3605769230769231 0.34375 0.10096153846153846 0.13221153846153846
23 0.41225961538461536 0.28365384615384615 0.2091346153846154 0.20432692307692307
23 0.4807692307692308 0.2704326923076923 0.1778846153846154 0.18990384615384615
23 0.5564903846153846 0.265625 0.12740384615384615 0.15865384615384615
23 0.6069711538461539 0.2403846153846154 0.1658653846153846 0.17067307692307693
23 0.6658653846153846 0.19591346153846154 0.16346153846153846 0.19230769230769232
23 0.7079326923076923 0.18389423076923078 0.11778846153846154 0.1778846153846154
23 0.7848557692307693 0.1466346153846154 0.14903846153846154 0.1658653846153846
23 0.8725961538461539 0.10817307692307693 0.15865384615384615 0.21634615384615385