23 0.2548076923076923 0.2920673076923077 0.21153846153846154 0.19591346153846154
23 0.05889423076923077 0.3641826923076923 0.08173076923076923 0.1141826923076923
23 0.10697115384615384 0.3088942307692308 0.1466346153846154 0.17067307692307693
23 0.19471153846153846 0.3245192307692308 0.09375 0.1310096153846154
23 0.3173076923076923 0.3088942307692308 0.08173076923076923 0.1310096153846154
23 0.3894230769230769 0.32211538461538464 0.08052884615384616 0.11899038461538461
23 0.45072115384615385 0.27163461538461536 0.1814903846153846 0.17668269230769232
23 0.5204326923076923 0.2704326923076923 0.1502403846153846 0.1658653846153846
23 0.5961538461538461 0.27884615384615385 0.1045673076923077 0.14182692307692307
23 0.6502403846153846 0.26322115384615385 0.14182692307692307 0.14783653846153846
23 0.7163461538461539 0.22956730769230768 0.13581730769230768 0.17067307692307693
23 0.7596153846153846 0.2247596153846154 0.09134615384615384 0.16346153846153846
23 0.8413461538461539 0.20192307692307693 0.12620192307692307 0.14543269230769232
23 0.9362980769230769 0.1778846153846154 0.125 0.203125