23 0.7752403846153846 0.3329326923076923 0.2403846153846154 0.22596153846153846
23 0.953125 0.43509615384615385 0.09375 0.125
23 0.9158653846153846 0.37259615384615385 0.16826923076923078 0.19230769230769232
23 0.8293269230769231 0.375 0.11298076923076923 0.14423076923076922
23 0.7103365384615384 0.3401442307692308 0.10096153846153846 0.14182692307692307
23 0.6370192307692307 0.34134615384615385 0.0985576923076923 0.12980769230769232
23 0.5841346153846154 0.2824519230769231 0.20673076923076922 0.20192307692307693
23 0.515625 0.2704326923076923 0.17548076923076922 0.1875
23 0.43990384615384615 0.2668269230769231 0.125 0.15625
23 0.38822115384615385 0.24278846153846154 0.16346153846153846 0.16826923076923078
23 0.328125 0.19951923076923078 0.16105769230769232 0.18990384615384615
23 0.2860576923076923 0.1875 0.11538461538461539 0.17548076923076922
23 0.2091346153846154 0.15264423076923078 0.1466346153846154 0.16346153846153846
23 0.11899038461538461 0.1141826923076923 0.15625 0.22115384615384615