23 0.9278846153846154 0.8377403846153846 0.14302884615384615 0.2920673076923077
23 0.17067307692307693 0.3870192307692308 0.02283653846153846 0.052884615384615384
23 0.19591346153846154 0.41586538461538464 0.03365384615384615 0.06610576923076923
23 0.21754807692307693 0.3918269230769231 0.046875 0.06129807692307692
23 0.3016826923076923 0.4110576923076923 0.04807692307692308 0.056490384615384616
23 0.34615384615384615 0.42788461538461536 0.03125 0.04807692307692308
23 0.38341346153846156 0.43509615384615385 0.04326923076923077 0.06370192307692307
23 0.4338942307692308 0.4483173076923077 0.042067307692307696 0.06129807692307692
23 0.4831730769230769 0.453125 0.038461538461538464 0.0829326923076923
23 0.5504807692307693 0.5757211538461539 0.055288461538461536 0.07932692307692307
23 0.5625 0.5096153846153846 0.04326923076923077 0.06129807692307692
23 0.6177884615384616 0.3918269230769231 0.028846153846153848 0.07692307692307693
23 0.6514423076923077 0.5348557692307693 0.03125 0.056490384615384616
23 0.7127403846153846 0.49158653846153844 0.057692307692307696 0.08052884615384616
23 0.7668269230769231 0.4579326923076923 0.039663461538461536 0.07211538461538461
23 0.7956730769230769 0.42788461538461536 0.05048076923076923 0.11177884615384616
23 0.8377403846153846 0.5949519230769231 0.07692307692307693 0.1778846153846154
23 0.8918269230769231 0.375 0.0829326923076923 0.07091346153846154
23 0.9350961538461539 0.6394230769230769 0.055288461538461536 0.06129807692307692
23 0.9603365384615384 0.26322115384615385 0.036057692307692304 0.06129807692307692