23 0.0673076923076923 0.8149038461538461 0.1346153846153846 0.2980769230769231
23 0.8353365384615384 0.40384615384615385 0.026442307692307692 0.052884615384615384
23 0.8076923076923077 0.43149038461538464 0.036057692307692304 0.0673076923076923
23 0.7872596153846154 0.40625 0.05048076923076923 0.0625
23 0.703125 0.421875 0.05048076923076923 0.06009615384615385
23 0.6574519230769231 0.4362980769230769 0.03365384615384615 0.05048076923076923
23 0.6201923076923077 0.4411057692307692 0.04567307692307692 0.06490384615384616
23 0.5685096153846154 0.4519230769230769 0.04567307692307692 0.0625
23 0.5192307692307693 0.4543269230769231 0.04326923076923077 0.08413461538461539
23 0.44591346153846156 0.5733173076923077 0.06009615384615385 0.08173076923076923
23 0.4375 0.5060096153846154 0.04567307692307692 0.0625
23 0.38822115384615385 0.3858173076923077 0.03365384615384615 0.07932692307692307
23 0.3473557692307692 0.5264423076923077 0.03365384615384615 0.057692307692307696
23 0.28846153846153844 0.4807692307692308 0.0625 0.08413461538461539
23 0.23557692307692307 0.44350961538461536 0.04326923076923077 0.07451923076923077
23 0.20793269230769232 0.41225961538461536 0.055288461538461536 0.11538461538461539
23 0.15745192307692307 0.5769230769230769 0.08653846153846154 0.18269230769230768
23 0.11538461538461539 0.3545673076923077 0.08653846153846154 0.07451923076923077
23 0.057692307692307696 0.6165865384615384 0.057692307692307696 0.06490384615384616
23 0.052884615384615384 0.23918269230769232 0.038461538461538464 0.0625