23 0.8557692307692307 0.8774038461538461 0.1971153846153846 0.24519230769230768
23 0.19831730769230768 0.32572115384615385 0.03365384615384615 0.055288461538461536
23 0.21754807692307693 0.359375 0.04567307692307692 0.07211538461538461
23 0.24278846153846154 0.3401442307692308 0.057692307692307696 0.06971153846153846
23 0.32211538461538464 0.375 0.057692307692307696 0.06490384615384616
23 0.3629807692307692 0.40024038461538464 0.040865384615384616 0.052884615384615384
23 0.39783653846153844 0.41346153846153844 0.055288461538461536 0.06971153846153846
23 0.44471153846153844 0.4362980769230769 0.052884615384615384 0.0673076923076923
23 0.49278846153846156 0.45072115384615385 0.052884615384615384 0.0889423076923077
23 0.5348557692307693 0.5841346153846154 0.06971153846153846 0.0889423076923077
23 0.5600961538461539 0.5216346153846154 0.055288461538461536 0.0673076923076923
23 0.6358173076923077 0.41586538461538464 0.04326923076923077 0.08173076923076923
23 0.6418269230769231 0.5637019230769231 0.040865384615384616 0.0625
23 0.7103365384615384 0.5324519230769231 0.07211538461538461 0.0889423076923077
23 0.7704326923076923 0.5096153846153846 0.052884615384615384 0.07932692307692307
23 0.8040865384615384 0.4855769230769231 0.06971153846153846 0.1201923076923077
23 0.8137019230769231 0.6574519230769231 0.11057692307692307 0.18990384615384615
23 0.9086538461538461 0.4519230769230769 0.09375 0.08653846153846154
23 0.9002403846153846 0.7199519230769231 0.06490384615384616 0.06971153846153846
23 0.9867788461538461 0.3557692307692308 0.026442307692307692 0.0673076923076923