23 0.16466346153846154 0.28725961538461536 0.11538461538461539 0.20673076923076922
23 0.20793269230769232 0.8737980769230769 0.18509615384615385 0.25240384615384615
23 0.3317307692307692 0.34134615384615385 0.07932692307692307 0.17307692307692307
23 0.3894230769230769 0.36177884615384615 0.09375 0.2403846153846154
23 0.4651442307692308 0.5588942307692307 0.1201923076923077 0.36538461538461536
23 0.5649038461538461 0.265625 0.07692307692307693 0.18509615384615385
23 0.5853365384615384 0.3125 0.10096153846153846 0.14182692307692307
23 0.6105769230769231 0.5612980769230769 0.10817307692307693 0.31009615384615385
23 0.6995192307692307 0.31971153846153844 0.12980769230769232 0.24519230769230768
23 0.671875 0.27283653846153844 0.07692307692307693 0.20673076923076922
23 0.7704326923076923 0.2824519230769231 0.07692307692307693 0.24278846153846154
23 0.9170673076923077 0.8810096153846154 0.1658653846153846 0.2091346153846154
23 0.9206730769230769 0.29086538461538464 0.08173076923076923 0.24759615384615385
23 0.9495192307692307 0.7572115384615384 0.10096153846153846 0.27403846153846156