23 0.8461538461538461 0.30528846153846156 0.125 0.21153846153846154
23 0.7704326923076923 0.8786057692307693 0.19951923076923078 0.24278846153846154
23 0.6754807692307693 0.34975961538461536 0.0889423076923077 0.17548076923076922
23 0.6177884615384616 0.36778846153846156 0.10576923076923077 0.24278846153846154
23 0.5324519230769231 0.5612980769230769 0.13701923076923078 0.3701923076923077
23 0.44711538461538464 0.2620192307692308 0.08653846153846154 0.18990384615384615
23 0.4254807692307692 0.3088942307692308 0.10817307692307693 0.1466346153846154
23 0.3870192307692308 0.5552884615384616 0.12259615384615384 0.31490384615384615
23 0.31009615384615385 0.31009615384615385 0.14423076923076922 0.25
23 0.3401442307692308 0.2644230769230769 0.0889423076923077 0.21153846153846154
23 0.24158653846153846 0.2692307692307692 0.09134615384615384 0.24519230769230768
23 0.07451923076923077 0.8581730769230769 0.14903846153846154 0.21634615384615385
23 0.09014423076923077 0.2692307692307692 0.09375 0.25
23 0.046875 0.7331730769230769 0.09375 0.27884615384615385