23 0.171875 0.27524038461538464 0.10817307692307693 0.203125
23 0.19591346153846154 0.8689903846153846 0.17668269230769232 0.25841346153846156
23 0.33774038461538464 0.33533653846153844 0.07451923076923077 0.16947115384615385
23 0.3942307692307692 0.3581730769230769 0.08653846153846154 0.23677884615384615
23 0.46274038461538464 0.5576923076923077 0.10697115384615384 0.36177884615384615
23 0.5733173076923077 0.26802884615384615 0.07091346153846154 0.18389423076923078
23 0.5913461538461539 0.3161057692307692 0.09615384615384616 0.13822115384615385
23 0.6081730769230769 0.5649038461538461 0.09735576923076923 0.30649038461538464
23 0.7055288461538461 0.3269230769230769 0.12259615384615384 0.2403846153846154
23 0.6802884615384616 0.27884615384615385 0.07091346153846154 0.20552884615384615
23 0.7776442307692307 0.2920673076923077 0.06971153846153846 0.2403846153846154
23 0.9098557692307693 0.8966346153846154 0.16826923076923078 0.203125
23 0.9278846153846154 0.30528846153846156 0.0733173076923077 0.24519230769230768
23 0.9471153846153846 0.7740384615384616 0.10336538461538461 0.27163461538461536