22 0.10576923076923077 0.14783653846153846 0.021634615384615384 0.026442307692307692
22 0.13581730769230768 0.3137019230769231 0.03365384615384615 0.06490384615384616
22 0.13581730769230768 0.14783653846153846 0.02403846153846154 0.04567307692307692
22 0.17908653846153846 0.1466346153846154 0.028846153846153848 0.04326923076923077
22 0.23197115384615385 0.14543269230769232 0.026442307692307692 0.04807692307692308
22 0.25721153846153844 0.13701923076923078 0.019230769230769232 0.03365384615384615
22 0.32091346153846156 0.8653846153846154 0.0625 0.07211538461538461
22 0.2920673076923077 0.13701923076923078 0.021634615384615384 0.03365384615384615
22 0.3389423076923077 0.30288461538461536 0.03125 0.019230769230769232
22 0.3485576923076923 0.3161057692307692 0.04567307692307692 0.03365384615384615
22 0.33533653846153844 0.13701923076923078 0.036057692307692304 0.026442307692307692
22 0.3798076923076923 0.3112980769230769 0.03365384615384615 0.038461538461538464
22 0.4230769230769231 0.43509615384615385 0.052884615384615384 0.05048076923076923
22 0.4014423076923077 0.1310096153846154 0.03125 0.036057692307692304
22 0.43149038461538464 0.28966346153846156 0.04567307692307692 0.07211538461538461
22 0.4831730769230769 0.49399038461538464 0.03365384615384615 0.04326923076923077
22 0.4891826923076923 0.3233173076923077 0.057692307692307696 0.036057692307692304
22 0.5072115384615384 0.4891826923076923 0.026442307692307692 0.03125
22 0.5060096153846154 0.1346153846153846 0.040865384615384616 0.03125
22 0.5396634615384616 0.32091346153846156 0.038461538461538464 0.03125
22 0.6081730769230769 0.12980769230769232 0.026442307692307692 0.03365384615384615