22 0.125 0.12740384615384615 0.020432692307692308 0.025240384615384616
22 0.1466346153846154 0.29447115384615385 0.03125 0.06370192307692307
22 0.15504807692307693 0.12980769230769232 0.02283653846153846 0.04447115384615385
22 0.19831730769230768 0.12980769230769232 0.027644230769230768 0.040865384615384616
22 0.2512019230769231 0.13221153846153846 0.02283653846153846 0.04807692307692308
22 0.2764423076923077 0.125 0.018028846153846152 0.03365384615384615
22 0.3016826923076923 0.8557692307692307 0.05889423076923077 0.06850961538461539
22 0.3112980769230769 0.12620192307692307 0.020432692307692308 0.03245192307692308
22 0.34975961538461536 0.29447115384615385 0.03125 0.016826923076923076
22 0.3581730769230769 0.3088942307692308 0.04447115384615385 0.03245192307692308
22 0.3545673076923077 0.12860576923076922 0.03365384615384615 0.02403846153846154
22 0.3894230769230769 0.30528846153846156 0.03125 0.036057692307692304
22 0.4266826923076923 0.43149038461538464 0.05048076923076923 0.04807692307692308
22 0.4206730769230769 0.12620192307692307 0.030048076923076924 0.03485576923076923
22 0.4423076923076923 0.2860576923076923 0.042067307692307696 0.07091346153846154
22 0.4831730769230769 0.49278846153846156 0.03125 0.040865384615384616
22 0.4987980769230769 0.3233173076923077 0.056490384615384616 0.03365384615384615
22 0.5072115384615384 0.4891826923076923 0.025240384615384616 0.028846153846153848
22 0.5252403846153846 0.13581730769230768 0.039663461538461536 0.028846153846153848
22 0.5492788461538461 0.3233173076923077 0.036057692307692304 0.030048076923076924
22 0.6274038461538461 0.13581730769230768 0.025240384615384616 0.03245192307692308