22 0.8810096153846154 0.13341346153846154 0.021634615384615384 0.026442307692307692
22 0.8569711538461539 0.3004807692307692 0.03125 0.06490384615384616
22 0.8509615384615384 0.13581730769230768 0.02403846153846154 0.04567307692307692
22 0.8076923076923077 0.1346153846153846 0.028846153846153848 0.040865384615384616
22 0.7548076923076923 0.13701923076923078 0.02403846153846154 0.04807692307692308
22 0.7295673076923077 0.12860576923076922 0.019230769230769232 0.03365384615384615
22 0.6923076923076923 0.859375 0.06009615384615385 0.06971153846153846
22 0.6947115384615384 0.12980769230769232 0.021634615384615384 0.03365384615384615
22 0.6538461538461539 0.296875 0.03125 0.016826923076923076
22 0.6454326923076923 0.3112980769230769 0.04567307692307692 0.03365384615384615
22 0.6514423076923077 0.1310096153846154 0.03365384615384615 0.02403846153846154
22 0.6141826923076923 0.3076923076923077 0.03125 0.036057692307692304
22 0.5745192307692307 0.4326923076923077 0.05048076923076923 0.04807692307692308
22 0.5853365384615384 0.12740384615384615 0.03125 0.036057692307692304
22 0.5612980769230769 0.28725961538461536 0.04326923076923077 0.07211538461538461
22 0.5168269230769231 0.49278846153846156 0.03125 0.040865384615384616
22 0.5048076923076923 0.3233173076923077 0.057692307692307696 0.03365384615384615
22 0.49278846153846156 0.4891826923076923 0.026442307692307692 0.028846153846153848
22 0.4807692307692308 0.13581730769230768 0.040865384615384616 0.028846153846153848
22 0.4543269230769231 0.32211538461538464 0.036057692307692304 0.03125
22 0.3786057692307692 0.13341346153846154 0.026442307692307692 0.03365384615384615