28 0.5 0.6310096153846154 1 0.6358173076923077
28 0.042067307692307696 0.06009615384615385 0.03485576923076923 0.03365384615384615
28 0.27283653846153844 0.09375 0.013221153846153846 0.028846153846153848
28 0.3173076923076923 0.10216346153846154 0.040865384615384616 0.04447115384615385
28 0.4110576923076923 0.12139423076923077 0.040865384615384616 0.03485576923076923
28 0.5024038461538461 0.09495192307692307 0.020432692307692308 0.03485576923076923
28 0.5673076923076923 0.140625 0.028846153846153848 0.03365384615384615
28 0.5757211538461539 0.12259615384615384 0.02283653846153846 0.03125
28 0.9098557692307693 0.23557692307692307 0.021634615384615384 0.03125
28 0.9639423076923077 0.203125 0.020432692307692308 0.03245192307692308
28 0.9855769230769231 0.19951923076923078 0.021634615384615384 0.038461538461538464
28 0.9951923076923077 0.10216346153846154 0.008413461538461538 0.03125