28 0.5 0.6141826923076923 1 0.7716346153846154
28 0.7944711538461539 0.13942307692307693 0.019230769230769232 0.03125
28 0.7487980769230769 0.13942307692307693 0.04807692307692308 0.05048076923076923
28 0.6538461538461539 0.14302884615384615 0.04567307692307692 0.040865384615384616
28 0.5685096153846154 0.10096153846153846 0.026442307692307692 0.038461538461538464
28 0.4963942307692308 0.1346153846153846 0.03365384615384615 0.038461538461538464
28 0.49038461538461536 0.11538461538461539 0.028846153846153848 0.03365384615384615
28 0.14182692307692307 0.16826923076923078 0.026442307692307692 0.03365384615384615
28 0.09495192307692307 0.12740384615384615 0.026442307692307692 0.036057692307692304
28 0.07451923076923077 0.1201923076923077 0.028846153846153848 0.040865384615384616
28 0.08173076923076923 0.021634615384615384 0.014423076923076924 0.03125