28 0.5 0.6298076923076923 1 0.6875
28 0.9338942307692307 0.037259615384615384 0.036057692307692304 0.036057692307692304
28 0.7055288461538461 0.0829326923076923 0.014423076923076924 0.028846153846153848
28 0.6610576923076923 0.09254807692307693 0.04326923076923077 0.04567307692307692
28 0.5685096153846154 0.11778846153846154 0.04326923076923077 0.036057692307692304
28 0.47596153846153844 0.09615384615384616 0.021634615384615384 0.036057692307692304
28 0.41346153846153844 0.14423076923076922 0.03125 0.036057692307692304
28 0.4050480769230769 0.12740384615384615 0.02403846153846154 0.03125
28 0.07692307692307693 0.25721153846153844 0.02403846153846154 0.03125
28 0.021634615384615384 0.2283653846153846 0.021634615384615384 0.03365384615384615
28 0.004807692307692308 0.22355769230769232 0.009615384615384616 0.038461538461538464