23 0.43509615384615385 0.42427884615384615 0.27524038461538464 0.2692307692307692
23 0.02283653846153846 0.45552884615384615 0.03245192307692308 0.04567307692307692
23 0.109375 0.44350961538461536 0.05048076923076923 0.08413461538461539
23 0.13822115384615385 0.46033653846153844 0.03245192307692308 0.0625
23 0.16826923076923078 0.4495192307692308 0.013221153846153846 0.055288461538461536
23 0.18870192307692307 0.46875 0.027644230769230768 0.051682692307692304
23 0.22235576923076922 0.4495192307692308 0.06370192307692307 0.07932692307692307
23 0.265625 0.4543269230769231 0.038461538461538464 0.052884615384615384
23 0.3076923076923077 0.4519230769230769 0.046875 0.03245192307692308
23 0.34134615384615385 0.4543269230769231 0.030048076923076924 0.04326923076923077
23 0.3762019230769231 0.44591346153846156 0.040865384615384616 0.056490384615384616
23 0.3942307692307692 0.46033653846153844 0.009615384615384616 0.03125
23 0.5276442307692307 0.453125 0.015625 0.03125
23 0.5492788461538461 0.45552884615384615 0.027644230769230768 0.02403846153846154
23 0.5853365384615384 0.45552884615384615 0.03485576923076923 0.02283653846153846
23 0.6346153846153846 0.44711538461538464 0.025240384615384616 0.028846153846153848
23 0.6574519230769231 0.46153846153846156 0.015625 0.021634615384615384
23 0.7091346153846154 0.45072115384615385 0.06850961538461539 0.0733173076923077
23 0.7620192307692307 0.45552884615384615 0.025240384615384616 0.037259615384615384
23 0.7824519230769231 0.4675480769230769 0.025240384615384616 0.03245192307692308
23 0.7992788461538461 0.45552884615384615 0.027644230769230768 0.037259615384615384
23 0.8305288461538461 0.4723557692307692 0.07692307692307693 0.021634615384615384
23 0.8509615384615384 0.4543269230769231 0.030048076923076924 0.02283653846153846
23 0.8798076923076923 0.45913461538461536 0.03485576923076923 0.020432692307692308
23 0.9206730769230769 0.4579326923076923 0.036057692307692304 0.02403846153846154
23 0.9471153846153846 0.44471153846153844 0.02283653846153846 0.03245192307692308
23 0.9735576923076923 0.44711538461538464 0.025240384615384616 0.04326923076923077