23 0.5444711538461539 0.4110576923076923 0.3317307692307692 0.3269230769230769
23 0.9519230769230769 0.34134615384615385 0.04326923076923077 0.052884615384615384
23 0.8653846153846154 0.35096153846153844 0.06971153846153846 0.09375
23 0.8413461538461539 0.3737980769230769 0.04567307692307692 0.0673076923076923
23 0.8100961538461539 0.3701923076923077 0.026442307692307692 0.057692307692307696
23 0.7944711538461539 0.3942307692307692 0.038461538461538464 0.057692307692307696
23 0.7572115384615384 0.38341346153846156 0.08173076923076923 0.09134615384615384
23 0.7163461538461539 0.39903846153846156 0.05048076923076923 0.06009615384615385
23 0.6754807692307693 0.40625 0.052884615384615384 0.04326923076923077
23 0.6430288461538461 0.4170673076923077 0.038461538461538464 0.04807692307692308
23 0.6069711538461539 0.4170673076923077 0.052884615384615384 0.06490384615384616
23 0.5925480769230769 0.4362980769230769 0.016826923076923076 0.03365384615384615
23 0.46153846153846156 0.46153846153846156 0.021634615384615384 0.03365384615384615
23 0.4411057692307692 0.46875 0.03365384615384615 0.028846153846153848
23 0.40625 0.47716346153846156 0.038461538461538464 0.03125
23 0.35697115384615385 0.4807692307692308 0.03125 0.03365384615384615
23 0.33774038461538464 0.5012019230769231 0.019230769230769232 0.02403846153846154
23 0.2848557692307692 0.5024038461538461 0.08413461538461539 0.08653846153846154
23 0.23557692307692307 0.5204326923076923 0.03365384615384615 0.04326923076923077
23 0.21754807692307693 0.5372596153846154 0.03125 0.038461538461538464
23 0.19831730769230768 0.5288461538461539 0.036057692307692304 0.04326923076923077
23 0.17307692307692307 0.5528846153846154 0.07932692307692307 0.038461538461538464
23 0.14783653846153846 0.5408653846153846 0.03365384615384615 0.028846153846153848
23 0.12139423076923077 0.5516826923076923 0.038461538461538464 0.028846153846153848
23 0.08173076923076923 0.5612980769230769 0.040865384615384616 0.03125
23 0.052884615384615384 0.5540865384615384 0.028846153846153848 0.036057692307692304
23 0.027644230769230768 0.5637019230769231 0.036057692307692304 0.04807692307692308