23 0.5757211538461539 0.43509615384615385 0.31490384615384615 0.31009615384615385
23 0.9783653846153846 0.53125 0.038461538461538464 0.05048076923076923
23 0.8942307692307693 0.5048076923076923 0.0625 0.09134615384615384
23 0.8629807692307693 0.5168269230769231 0.040865384615384616 0.0673076923076923
23 0.8353365384615384 0.5024038461538461 0.021634615384615384 0.057692307692307696
23 0.8125 0.5180288461538461 0.036057692307692304 0.055288461538461536
23 0.7824519230769231 0.49399038461538464 0.07451923076923077 0.0889423076923077
23 0.7391826923076923 0.49158653846153844 0.04567307692307692 0.057692307692307696
23 0.6971153846153846 0.4831730769230769 0.05048076923076923 0.038461538461538464
23 0.6634615384615384 0.4795673076923077 0.036057692307692304 0.04807692307692308
23 0.6310096153846154 0.46634615384615385 0.04807692307692308 0.0625
23 0.6105769230769231 0.47716346153846156 0.014423076923076924 0.03125
23 0.4795673076923077 0.4495192307692308 0.019230769230769232 0.03365384615384615
23 0.4579326923076923 0.4483173076923077 0.03125 0.028846153846153848
23 0.4230769230769231 0.4423076923076923 0.038461538461538464 0.028846153846153848
23 0.375 0.4266826923076923 0.028846153846153848 0.03125
23 0.35096153846153844 0.4375 0.019230769230769232 0.02403846153846154
23 0.3016826923076923 0.4182692307692308 0.07932692307692307 0.08413461538461539
23 0.24759615384615385 0.41466346153846156 0.03125 0.040865384615384616
23 0.22596153846153846 0.42427884615384615 0.028846153846153848 0.036057692307692304
23 0.21153846153846154 0.4098557692307692 0.03365384615384615 0.040865384615384616
23 0.1778846153846154 0.4206730769230769 0.07932692307692307 0.03365384615384615
23 0.16105769230769232 0.40024038461538464 0.03365384615384615 0.026442307692307692
23 0.1310096153846154 0.40024038461538464 0.038461538461538464 0.026442307692307692
23 0.09134615384615384 0.39302884615384615 0.038461538461538464 0.028846153846153848
23 0.0673076923076923 0.375 0.026442307692307692 0.036057692307692304
23 0.040865384615384616 0.3737980769230769 0.03125 0.04567307692307692