23 0.8990384615384616 0.026442307692307692 0.028846153846153848 0.052884615384615384
23 0.9807692307692307 0.7211538461538461 0.038461538461538464 0.1201923076923077
23 0.5 0.5084134615384616 1 0.9254807692307693
23 0.8894230769230769 0.039663461538461536 0.028846153846153848 0.057692307692307696
23 0.8737980769230769 0.055288461538461536 0.026442307692307692 0.04326923076923077
23 0.7920673076923077 0.1310096153846154 0.026442307692307692 0.057692307692307696
23 0.9038461538461539 0.8149038461538461 0.03365384615384615 0.06009615384615385
23 0.9002403846153846 0.9086538461538461 0.026442307692307692 0.036057692307692304
23 0.8713942307692307 0.7896634615384616 0.040865384615384616 0.08173076923076923
23 0.8485576923076923 0.8701923076923077 0.040865384615384616 0.07932692307692307
23 0.8389423076923077 0.9134615384615384 0.03365384615384615 0.052884615384615384
23 0.7572115384615384 0.8040865384615384 0.040865384615384616 0.07211538461538461
23 0.7824519230769231 0.9206730769230769 0.03365384615384615 0.0625
23 0.7427884615384616 0.7920673076923077 0.036057692307692304 0.06490384615384616
23 0.765625 0.9230769230769231 0.028846153846153848 0.0625
23 0.7463942307692307 0.921875 0.04326923076923077 0.07211538461538461
23 0.7223557692307693 0.7992788461538461 0.040865384615384616 0.08173076923076923
23 0.7307692307692307 0.9375 0.036057692307692304 0.05048076923076923
23 0.6526442307692307 0.9483173076923077 0.038461538461538464 0.0625
23 0.6310096153846154 0.9399038461538461 0.04326923076923077 0.08173076923076923
23 0.578125 0.9170673076923077 0.040865384615384616 0.06971153846153846
23 0.5637019230769231 0.890625 0.03365384615384615 0.0673076923076923
23 0.44350961538461536 0.9098557692307693 0.21394230769230768 0.17307692307692307
23 0.33774038461538464 0.9735576923076923 0.03125 0.052884615384615384
23 0.08774038461538461 0.24759615384615385 0.052884615384615384 0.052884615384615384
23 0.08653846153846154 0.3449519230769231 0.038461538461538464 0.06971153846153846