23 0.9134615384615384 0.8762019230769231 0.0985576923076923 0.11298076923076923
23 0.5 0.5096153846153846 1 0.8509615384615384
23 0.9927884615384616 0.20072115384615385 0.014423076923076924 0.040865384615384616
23 0.8966346153846154 0.24639423076923078 0.021634615384615384 0.057692307692307696
23 0.7788461538461539 0.9290865384615384 0.028846153846153848 0.06009615384615385
23 0.7572115384615384 0.8942307692307693 0.03365384615384615 0.08173076923076923
23 0.7091346153846154 0.9627403846153846 0.03365384615384615 0.07451923076923077
23 0.6850961538461539 0.9867788461538461 0.028846153846153848 0.026442307692307692
23 0.6442307692307693 0.8713942307692307 0.03365384615384615 0.07211538461538461
23 0.6298076923076923 0.9795673076923077 0.028846153846153848 0.040865384615384616
23 0.6346153846153846 0.8557692307692307 0.03125 0.06490384615384616
23 0.6129807692307693 0.9771634615384616 0.02403846153846154 0.04567307692307692
23 0.5949519230769231 0.9711538461538461 0.036057692307692304 0.057692307692307696
23 0.6129807692307693 0.8557692307692307 0.03365384615384615 0.08173076923076923
23 0.5757211538461539 0.9819711538461539 0.03125 0.036057692307692304
23 0.49759615384615385 0.9711538461538461 0.03365384615384615 0.057692307692307696
23 0.4795673076923077 0.9591346153846154 0.038461538461538464 0.07932692307692307
23 0.4375 0.9194711538461539 0.036057692307692304 0.0673076923076923
23 0.4326923076923077 0.890625 0.028846153846153848 0.06490384615384616
23 0.3125 0.8689903846153846 0.20432692307692307 0.15865384615384615
23 0.18629807692307693 0.9110576923076923 0.026442307692307692 0.08413461538461539
23 0.19230769230769232 0.12620192307692307 0.05048076923076923 0.05048076923076923
23 0.15865384615384615 0.21875 0.03365384615384615 0.0673076923076923