23 0.008413461538461538 0.1141826923076923 0.015625 0.06370192307692307
23 0.04326923076923077 0.8233173076923077 0.08653846153846154 0.10336538461538461
23 0.5 0.5096153846153846 0.9987980769230769 0.734375
23 0.02403846153846154 0.1310096153846154 0.016826923076923076 0.055288461538461536
23 0.042067307692307696 0.14302884615384615 0.019230769230769232 0.039663461538461536
23 0.13701923076923078 0.19951923076923078 0.015625 0.056490384615384616
23 0.17067307692307693 0.8918269230769231 0.02283653846153846 0.057692307692307696
23 0.1935096153846154 0.9831730769230769 0.020432692307692308 0.03245192307692308
23 0.1971153846153846 0.8605769230769231 0.025240384615384616 0.07932692307692307
23 0.23557692307692307 0.9350961538461539 0.025240384615384616 0.07451923076923077
23 0.2548076923076923 0.9747596153846154 0.02283653846153846 0.04927884615384615
23 0.3112980769230769 0.8509615384615384 0.026442307692307692 0.06850961538461539
23 0.3112980769230769 0.9699519230769231 0.02283653846153846 0.05889423076923077
23 0.3233173076923077 0.8365384615384616 0.02283653846153846 0.0625
23 0.328125 0.96875 0.015625 0.06129807692307692
23 0.34615384615384615 0.9639423076923077 0.028846153846153848 0.06850961538461539
23 0.3449519230769231 0.8389423076923077 0.025240384615384616 0.078125
23 0.36538461538461536 0.9759615384615384 0.026442307692307692 0.046875
23 0.44350961538461536 0.9699519230769231 0.027644230769230768 0.05889423076923077
23 0.4639423076923077 0.9579326923076923 0.028846153846153848 0.07692307692307693
23 0.5108173076923077 0.9242788461538461 0.027644230769230768 0.06490384615384616
23 0.5192307692307693 0.8954326923076923 0.021634615384615384 0.06370192307692307
23 0.640625 0.8894230769230769 0.18990384615384615 0.13581730769230768
23 0.7608173076923077 0.9459134615384616 0.015625 0.08173076923076923
23 0.8509615384615384 0.16706730769230768 0.04447115384615385 0.04567307692307692
23 0.8725961538461539 0.2620192307692308 0.025240384615384616 0.06490384615384616