23 0.32572115384615385 0.5685096153846154 0.11658653846153846 0.25721153846153844
23 0.24519230769230768 0.234375 0.11538461538461539 0.07572115384615384
23 0.4543269230769231 0.5504807692307693 0.10336538461538461 0.22355769230769232
23 0.4675480769230769 0.5625 0.12860576923076922 0.14783653846153846
23 0.6117788461538461 0.5504807692307693 0.10817307692307693 0.2800480769230769
23 0.6165865384615384 0.45913461538461536 0.11177884615384616 0.17307692307692307
23 0.6899038461538461 0.34975961538461536 0.09615384615384616 0.15865384615384615
23 0.7127403846153846 0.5252403846153846 0.10336538461538461 0.2283653846153846
23 0.7043269230769231 0.19951923076923078 0.02403846153846154 0.042067307692307696
23 0.7620192307692307 0.484375 0.06490384615384616 0.15144230769230768
23 0.8173076923076923 0.44471153846153844 0.06009615384615385 0.22115384615384615
23 0.9074519230769231 0.5685096153846154 0.13221153846153846 0.08533653846153846
23 0.9362980769230769 0.44471153846153844 0.125 0.19831730769230768
23 0.9579326923076923 0.6117788461538461 0.08173076923076923 0.1141826923076923