23 0.3401442307692308 0.5973557692307693 0.15865384615384615 0.27403846153846156
23 0.203125 0.2824519230769231 0.12740384615384615 0.09375
23 0.4639423076923077 0.5576923076923077 0.13942307692307693 0.23798076923076922
23 0.47836538461538464 0.5673076923076923 0.15144230769230768 0.16826923076923078
23 0.6189903846153846 0.5300480769230769 0.15625 0.2956730769230769
23 0.6081730769230769 0.43990384615384615 0.13942307692307693 0.18990384615384615
23 0.6610576923076923 0.31850961538461536 0.12259615384615384 0.17307692307692307
23 0.7139423076923077 0.4879807692307692 0.14182692307692307 0.24278846153846154
23 0.6490384615384616 0.16826923076923078 0.03125 0.04567307692307692
23 0.7548076923076923 0.4387019230769231 0.09134615384615384 0.16105769230769232
23 0.8028846153846154 0.390625 0.0985576923076923 0.2283653846153846
23 0.9134615384615384 0.4963942307692308 0.14423076923076922 0.10817307692307693
23 0.9194711538461539 0.3701923076923077 0.15865384615384615 0.21634615384615385
23 0.9591346153846154 0.5300480769230769 0.08173076923076923 0.12740384615384615