23 0.6574519230769231 0.6009615384615384 0.16346153846153846 0.27403846153846156
23 0.8004807692307693 0.28846153846153844 0.12740384615384615 0.09615384615384616
23 0.5348557692307693 0.5576923076923077 0.14423076923076922 0.23798076923076922
23 0.5204326923076923 0.5673076923076923 0.15384615384615385 0.17067307692307693
23 0.38100961538461536 0.5276442307692307 0.15865384615384615 0.2956730769230769
23 0.39302884615384615 0.4375 0.14182692307692307 0.19230769230769232
23 0.3425480769230769 0.3161057692307692 0.125 0.17307692307692307
23 0.2860576923076923 0.484375 0.14423076923076922 0.24278846153846154
23 0.35697115384615385 0.1658653846153846 0.03125 0.04567307692307692
23 0.24519230769230768 0.43509615384615385 0.09375 0.16105769230769232
23 0.19951923076923078 0.38461538461538464 0.10096153846153846 0.2283653846153846
23 0.08653846153846154 0.4891826923076923 0.1466346153846154 0.10817307692307693
23 0.08173076923076923 0.3629807692307692 0.16105769230769232 0.21875
23 0.039663461538461536 0.5228365384615384 0.07932692307692307 0.12740384615384615