23 0.30288461538461536 0.7019230769230769 0.1201923076923077 0.25
23 0.9723557692307693 0.49759615384615385 0.055288461538461536 0.12980769230769232
23 0.9423076923076923 0.453125 0.07932692307692307 0.18269230769230768
23 0.8786057692307693 0.4891826923076923 0.07211538461538461 0.14182692307692307
23 0.8569711538461539 0.5132211538461539 0.07211538461538461 0.1658653846153846
23 0.8233173076923077 0.5408653846153846 0.07451923076923077 0.20673076923076922
23 0.7884615384615384 0.5949519230769231 0.10096153846153846 0.18990384615384615
23 0.7584134615384616 0.4879807692307692 0.06009615384615385 0.12259615384615384
23 0.734375 0.5432692307692307 0.06971153846153846 0.15144230769230768
23 0.7079326923076923 0.5997596153846154 0.09375 0.19471153846153846
23 0.5432692307692307 0.6225961538461539 0.08413461538461539 0.19230769230769232
23 0.4855769230769231 0.5348557692307693 0.06490384615384616 0.1201923076923077