23 0.7235576923076923 0.6730769230769231 0.08653846153846154 0.2403846153846154
23 0.025240384615384616 0.5649038461538461 0.05048076923076923 0.125
23 0.055288461538461536 0.515625 0.054086538461538464 0.17668269230769232
23 0.12379807692307693 0.5420673076923077 0.052884615384615384 0.1346153846153846
23 0.14783653846153846 0.5625 0.04927884615384615 0.15985576923076922
23 0.18509615384615385 0.5853365384615384 0.04567307692307692 0.203125
23 0.22716346153846154 0.6346153846153846 0.07572115384615384 0.18028846153846154
23 0.24278846153846154 0.5240384615384616 0.04447115384615385 0.11778846153846154
23 0.27403846153846156 0.5757211538461539 0.05048076923076923 0.1466346153846154
23 0.3076923076923077 0.6274038461538461 0.0673076923076923 0.18629807692307693
23 0.47475961538461536 0.6274038461538461 0.057692307692307696 0.18629807692307693
23 0.5192307692307693 0.5324519230769231 0.05048076923076923 0.1141826923076923