23 0.7524038461538461 0.6274038461538461 0.12980769230769232 0.25240384615384615
23 0.046875 0.6538461538461539 0.07451923076923077 0.13221153846153846
23 0.06610576923076923 0.5997596153846154 0.08653846153846154 0.18269230769230768
23 0.13822115384615385 0.6129807692307693 0.07692307692307693 0.14182692307692307
23 0.1658653846153846 0.6286057692307693 0.07932692307692307 0.1658653846153846
23 0.20673076923076922 0.6442307692307693 0.08413461538461539 0.2091346153846154
23 0.25841346153846156 0.6838942307692307 0.10817307692307693 0.19230769230769232
23 0.25240384615384615 0.5721153846153846 0.0673076923076923 0.125
23 0.2920673076923077 0.6177884615384616 0.07692307692307693 0.15384615384615385
23 0.33533653846153844 0.6622596153846154 0.10096153846153846 0.19471153846153846
23 0.5 0.6298076923076923 0.09134615384615384 0.19471153846153846
23 0.5252403846153846 0.5276442307692307 0.07211538461538461 0.12259615384615384