23 0.028846153846153848 0.45552884615384615 0.036057692307692304 0.09495192307692307
23 0.04447115384615385 0.5901442307692307 0.04567307692307692 0.13822115384615385
23 0.06971153846153846 0.4951923076923077 0.030048076923076924 0.11899038461538461
23 0.08774038461538461 0.5216346153846154 0.05889423076923077 0.14423076923076922
23 0.11177884615384616 0.3557692307692308 0.03365384615384615 0.07572115384615384
23 0.12259615384615384 0.4387019230769231 0.03485576923076923 0.08653846153846154
23 0.1346153846153846 0.6021634615384616 0.056490384615384616 0.08173076923076923
23 0.17548076923076922 0.41466346153846156 0.028846153846153848 0.078125
23 0.17668269230769232 0.34134615384615385 0.026442307692307692 0.04326923076923077
23 0.18629807692307693 0.5588942307692307 0.04567307692307692 0.12740384615384615
23 0.1875 0.65625 0.04807692307692308 0.06971153846153846
23 0.25600961538461536 0.5709134615384616 0.04447115384615385 0.15745192307692307
23 0.2704326923076923 0.4362980769230769 0.02403846153846154 0.12139423076923077
23 0.3112980769230769 0.5540865384615384 0.028846153846153848 0.12740384615384615
23 0.3125 0.41346153846153844 0.025240384615384616 0.10096153846153846
23 0.35096153846153844 0.8401442307692307 0.07451923076923077 0.25
23 0.35336538461538464 0.4831730769230769 0.06370192307692307 0.17548076923076922
23 0.35096153846153844 0.5793269230769231 0.04447115384615385 0.09735576923076923
23 0.38822115384615385 0.5084134615384616 0.052884615384615384 0.11899038461538461
23 0.3894230769230769 0.6838942307692307 0.05048076923076923 0.18389423076923078
23 0.42427884615384615 0.6141826923076923 0.057692307692307696 0.15384615384615385
23 0.4483173076923077 0.4639423076923077 0.03485576923076923 0.15144230769230768
23 0.48197115384615385 0.4639423076923077 0.042067307692307696 0.09014423076923077
23 0.4807692307692308 0.5649038461538461 0.026442307692307692 0.07932692307692307
23 0.5024038461538461 0.21754807692307693 0.036057692307692304 0.11177884615384616
23 0.5048076923076923 0.5564903846153846 0.030048076923076924 0.08413461538461539
23 0.5252403846153846 0.49278846153846156 0.04326923076923077 0.1466346153846154
23 0.5685096153846154 0.546875 0.042067307692307696 0.10817307692307693
23 0.5877403846153846 0.3786057692307692 0.03365384615384615 0.07572115384615384
23 0.6466346153846154 0.41947115384615385 0.021634615384615384 0.078125
23 0.6754807692307693 0.5144230769230769 0.04807692307692308 0.15144230769230768
23 0.6778846153846154 0.33052884615384615 0.02283653846153846 0.09014423076923077
23 0.7127403846153846 0.47596153846153844 0.03485576923076923 0.12259615384615384
23 0.71875 0.3713942307692308 0.042067307692307696 0.10336538461538461
23 0.7211538461538461 0.5733173076923077 0.039663461538461536 0.12740384615384615
23 0.7524038461538461 0.4951923076923077 0.04807692307692308 0.15384615384615385
23 0.7596153846153846 0.4074519230769231 0.027644230769230768 0.07932692307692307
23 0.7680288461538461 0.3713942307692308 0.038461538461538464 0.078125
23 0.7824519230769231 0.33533653846153844 0.030048076923076924 0.07932692307692307
23 0.8377403846153846 0.453125 0.04567307692307692 0.13822115384615385
23 0.8341346153846154 0.36658653846153844 0.03485576923076923 0.07572115384615384
23 0.9002403846153846 0.4387019230769231 0.056490384615384616 0.15144230769230768
23 0.953125 0.41466346153846156 0.040865384615384616 0.12139423076923077