23 0.9711538461538461 0.5456730769230769 0.052884615384615384 0.10096153846153846
23 0.9302884615384616 0.6754807692307693 0.07211538461538461 0.14423076923076922
23 0.9230769230769231 0.5769230769230769 0.052884615384615384 0.12259615384615384
23 0.9002403846153846 0.5997596153846154 0.08413461538461539 0.15384615384615385
23 0.9086538461538461 0.4326923076923077 0.04807692307692308 0.08173076923076923
23 0.8822115384615384 0.5120192307692307 0.05048076923076923 0.09134615384615384
23 0.8389423076923077 0.6694711538461539 0.07211538461538461 0.09134615384615384
23 0.8353365384615384 0.47836538461538464 0.04326923076923077 0.08173076923076923
23 0.8473557692307693 0.40625 0.03365384615384615 0.04807692307692308
23 0.796875 0.6177884615384616 0.06971153846153846 0.1346153846153846
23 0.7764423076923077 0.7127403846153846 0.06009615384615385 0.07692307692307693
23 0.7259615384615384 0.6165865384615384 0.07451923076923077 0.16346153846153846
23 0.7379807692307693 0.4807692307692308 0.04567307692307692 0.12259615384615384
23 0.6754807692307693 0.5889423076923077 0.052884615384615384 0.12980769230769232
23 0.7007211538461539 0.45072115384615385 0.04326923076923077 0.10336538461538461
23 0.5817307692307693 0.8617788461538461 0.1201923076923077 0.25961538461538464
23 0.6466346153846154 0.5120192307692307 0.09615384615384616 0.18509615384615385
23 0.6310096153846154 0.6057692307692307 0.0625 0.10336538461538461
23 0.6081730769230769 0.5300480769230769 0.07451923076923077 0.12740384615384615
23 0.5733173076923077 0.7019230769230769 0.08413461538461539 0.18990384615384615
23 0.5528846153846154 0.6262019230769231 0.08653846153846154 0.16105769230769232
23 0.5576923076923077 0.47475961538461536 0.0625 0.15625
23 0.5240384615384616 0.4675480769230769 0.057692307692307696 0.09615384615384616
23 0.5060096153846154 0.5673076923076923 0.040865384615384616 0.08173076923076923
23 0.5516826923076923 0.22235576923076922 0.057692307692307696 0.11778846153846154
23 0.484375 0.5540865384615384 0.04567307692307692 0.0889423076923077
23 0.47716346153846156 0.4879807692307692 0.06971153846153846 0.15144230769230768
23 0.42427884615384615 0.5324519230769231 0.0625 0.11538461538461539
23 0.4375 0.3641826923076923 0.04807692307692308 0.08173076923076923
23 0.3713942307692308 0.39302884615384615 0.036057692307692304 0.08173076923076923
23 0.3245192307692308 0.4807692307692308 0.07692307692307693 0.15865384615384615
23 0.3581730769230769 0.29927884615384615 0.038461538461538464 0.09375
23 0.2956730769230769 0.4362980769230769 0.057692307692307696 0.12740384615384615
23 0.31009615384615385 0.3317307692307692 0.06009615384615385 0.11057692307692307
23 0.2692307692307692 0.5300480769230769 0.0625 0.13221153846153846
23 0.2536057692307692 0.44711538461538464 0.07692307692307693 0.16105769230769232
23 0.26322115384615385 0.359375 0.04326923076923077 0.08413461538461539
23 0.2620192307692308 0.32211538461538464 0.052884615384615384 0.08413461538461539
23 0.2536057692307692 0.2848557692307692 0.04567307692307692 0.08413461538461539
23 0.1778846153846154 0.3894230769230769 0.07211538461538461 0.14423076923076922
23 0.1971153846153846 0.30528846153846156 0.04807692307692308 0.08173076923076923
23 0.11899038461538461 0.3629807692307692 0.08413461538461539 0.15865384615384615
23 0.07091346153846154 0.3293269230769231 0.0625 0.12740384615384615