23 0.19831730769230768 0.5769230769230769 0.14182692307692307 0.3918269230769231
23 0.6899038461538461 0.15144230769230768 0.05048076923076923 0.057692307692307696
23 0.6105769230769231 0.07932692307692307 0.057692307692307696 0.15384615384615385
23 0.5252403846153846 0.09615384615384616 0.09375 0.17307692307692307
23 0.4519230769230769 0.27163461538461536 0.11778846153846154 0.19951923076923078
23 0.41586538461538464 0.4026442307692308 0.08653846153846154 0.22355769230769232
23 0.3701923076923077 0.1346153846153846 0.09134615384615384 0.16826923076923078
23 0.28725961538461536 0.06850961538461539 0.0889423076923077 0.13701923076923078
23 0.22235576923076922 0.35697115384615385 0.06490384615384616 0.1778846153846154
23 0.1935096153846154 0.0985576923076923 0.0889423076923077 0.1778846153846154
23 0.14903846153846154 0.4266826923076923 0.07932692307692307 0.20432692307692307
23 0.08533653846153846 0.06850961538461539 0.09375 0.13701923076923078
23 0.07211538461538461 0.328125 0.08413461538461539 0.18990384615384615