23 0.7992788461538461 0.5877403846153846 0.12740384615384615 0.3870192307692308
23 0.32211538461538464 0.14543269230769232 0.04807692307692308 0.055288461538461536
23 0.40384615384615385 0.07572115384615384 0.052884615384615384 0.15144230769230768
23 0.4891826923076923 0.09495192307692307 0.08774038461538461 0.17067307692307693
23 0.5564903846153846 0.27403846153846156 0.11057692307692307 0.19591346153846154
23 0.5877403846153846 0.40625 0.07932692307692307 0.22115384615384615
23 0.6430288461538461 0.13942307692307693 0.08653846153846154 0.1658653846153846
23 0.7271634615384616 0.07211538461538461 0.08413461538461539 0.14423076923076922
23 0.7824519230769231 0.36658653846153844 0.05889423076923077 0.17548076923076922
23 0.8209134615384616 0.109375 0.08173076923076923 0.17427884615384615
23 0.8533653846153846 0.4387019230769231 0.07211538461538461 0.203125
23 0.9290865384615384 0.07572115384615384 0.08774038461538461 0.15144230769230768
23 0.9338942307692307 0.34375 0.07692307692307693 0.1875