23 0.8088942307692307 0.5396634615384616 0.1875 0.4014423076923077
23 0.2692307692307692 0.1778846153846154 0.055288461538461536 0.0625
23 0.3389423076923077 0.09615384615384616 0.07692307692307693 0.15865384615384615
23 0.4254807692307692 0.10216346153846154 0.11298076923076923 0.18269230769230768
23 0.5204326923076923 0.26802884615384615 0.13942307692307693 0.21153846153846154
23 0.5721153846153846 0.3942307692307692 0.11298076923076923 0.23076923076923078
23 0.5853365384615384 0.12139423076923077 0.11057692307692307 0.1778846153846154
23 0.65625 0.06009615384615385 0.10576923076923077 0.1201923076923077
23 0.7584134615384616 0.3245192307692308 0.08653846153846154 0.18269230769230768
23 0.7560096153846154 0.078125 0.10817307692307693 0.15625
23 0.8389423076923077 0.38461538461538464 0.10336538461538461 0.21153846153846154
23 0.8557692307692307 0.046875 0.11057692307692307 0.09375
23 0.9038461538461539 0.2776442307692308 0.10576923076923077 0.1971153846153846