23 0.5865384615384616 0.7908653846153846 0.12740384615384615 0.27163461538461536
23 0.9783653846153846 0.15625 0.04326923076923077 0.1201923076923077
23 0.9675480769230769 0.18269230769230768 0.06009615384615385 0.15144230769230768
23 0.8137019230769231 0.5697115384615384 0.1875 0.25240384615384615
23 0.7872596153846154 0.296875 0.10096153846153846 0.15384615384615385
23 0.765625 0.7151442307692307 0.11057692307692307 0.20673076923076922
23 0.7584134615384616 0.421875 0.10817307692307693 0.20673076923076922
23 0.5721153846153846 0.5528846153846154 0.15144230769230768 0.25721153846153844
23 0.5841346153846154 0.39783653846153844 0.10336538461538461 0.19471153846153846
23 0.47115384615384615 0.48677884615384615 0.10336538461538461 0.24278846153846154
23 0.3942307692307692 0.6802884615384616 0.11778846153846154 0.27884615384615385
23 0.3245192307692308 0.5841346153846154 0.10576923076923077 0.1658653846153846
23 0.22956730769230768 0.6213942307692307 0.11057692307692307 0.2403846153846154