23 0.40865384615384615 0.7896634615384616 0.12259615384615384 0.2692307692307692
23 0.026442307692307692 0.14903846153846154 0.04326923076923077 0.11899038461538461
23 0.038461538461538464 0.17427884615384615 0.057692307692307696 0.15144230769230768
23 0.18509615384615385 0.5637019230769231 0.18269230769230768 0.25
23 0.21634615384615385 0.2920673076923077 0.09735576923076923 0.15144230769230768
23 0.23076923076923078 0.7103365384615384 0.10817307692307693 0.20552884615384615
23 0.24278846153846154 0.4170673076923077 0.10576923076923077 0.20432692307692307
23 0.4266826923076923 0.5516826923076923 0.14783653846153846 0.2548076923076923
23 0.4170673076923077 0.39663461538461536 0.10096153846153846 0.19230769230769232
23 0.5288461538461539 0.48677884615384615 0.09975961538461539 0.24158653846153846
23 0.6021634615384616 0.6826923076923077 0.11298076923076923 0.2764423076923077
23 0.6742788461538461 0.5877403846153846 0.10216346153846154 0.16346153846153846
23 0.7680288461538461 0.6262019230769231 0.10576923076923077 0.23798076923076922