23 0.48677884615384615 0.8028846153846154 0.1875 0.29086538461538464
23 0.2127403846153846 0.6430288461538461 0.2403846153846154 0.28846153846153844
23 0.171875 0.37259615384615385 0.13221153846153846 0.17067307692307693
23 0.29447115384615385 0.7728365384615384 0.15865384615384615 0.22596153846153846
23 0.22956730769230768 0.48677884615384615 0.15625 0.22355769230769232
23 0.4423076923076923 0.5685096153846154 0.2091346153846154 0.28365384615384615
23 0.39302884615384615 0.421875 0.1466346153846154 0.21153846153846154
23 0.5240384615384616 0.4795673076923077 0.15865384615384615 0.25961538461538464
23 0.6454326923076923 0.6502403846153846 0.18028846153846154 0.2956730769230769
23 0.6911057692307693 0.5396634615384616 0.14182692307692307 0.18509615384615385
23 0.7920673076923077 0.5528846153846154 0.16346153846153846 0.25721153846153844