23 0.6346153846153846 0.7091346153846154 0.28125 0.5817307692307693
23 0.02403846153846154 0.1622596153846154 0.010817307692307692 0.02283653846153846
23 0.04447115384615385 0.09975961538461539 0.009615384615384616 0.018028846153846152
23 0.08173076923076923 0.1502403846153846 0.013221153846153846 0.026442307692307692
23 0.21033653846153846 0.15985576923076922 0.013221153846153846 0.027644230769230768
23 0.44711538461538464 0.7487980769230769 0.30408653846153844 0.4987980769230769
23 0.3641826923076923 0.16466346153846154 0.010817307692307692 0.026442307692307692
23 0.4254807692307692 0.15985576923076922 0.01201923076923077 0.020432692307692308
23 0.4543269230769231 0.09735576923076923 0.008413461538461538 0.025240384615384616
23 0.5072115384615384 0.13942307692307693 0.010817307692307692 0.02283653846153846
23 0.5901442307692307 0.14423076923076922 0.01201923076923077 0.020432692307692308
23 0.6009615384615384 0.125 0.010817307692307692 0.019230769230769232
23 0.6574519230769231 0.14423076923076922 0.01201923076923077 0.026442307692307692
23 0.6706730769230769 0.052884615384615384 0.015625 0.014423076923076924
23 0.6983173076923077 0.042067307692307696 0.013221153846153846 0.028846153846153848
23 0.7367788461538461 0.02283653846153846 0.008413461538461538 0.015625
23 0.7475961538461539 0.042067307692307696 0.01201923076923077 0.015625
23 0.8100961538461539 0.1875 0.018028846153846152 0.06610576923076923
23 0.8293269230769231 0.13701923076923078 0.010817307692307692 0.028846153846153848
23 0.8413461538461539 0.12740384615384615 0.009615384615384616 0.02283653846153846
23 0.8834134615384616 0.12620192307692307 0.015625 0.036057692307692304
23 0.8858173076923077 0.07091346153846154 0.016826923076923076 0.027644230769230768
23 0.8990384615384616 0.05889423076923077 0.009615384615384616 0.020432692307692308
23 0.9375 0.10216346153846154 0.01201923076923077 0.028846153846153848
23 0.9759615384615384 0.16706730769230768 0.037259615384615384 0.046875