23 0.375 0.7091346153846154 0.3125 0.5817307692307693
23 0.9579326923076923 0.13822115384615385 0.01201923076923077 0.02403846153846154
23 0.9338942307692307 0.07692307692307693 0.009615384615384616 0.019230769230769232
23 0.8990384615384616 0.12860576923076922 0.014423076923076924 0.026442307692307692
23 0.7716346153846154 0.14543269230769232 0.014423076923076924 0.028846153846153848
23 0.5661057692307693 0.7439903846153846 0.3293269230769231 0.5120192307692307
23 0.6177884615384616 0.15745192307692307 0.01201923076923077 0.026442307692307692
23 0.5564903846153846 0.15625 0.01201923076923077 0.021634615384615384
23 0.5240384615384616 0.09495192307692307 0.009615384615384616 0.026442307692307692
23 0.4735576923076923 0.140625 0.01201923076923077 0.02403846153846154
23 0.3918269230769231 0.14903846153846154 0.01201923076923077 0.021634615384615384
23 0.3798076923076923 0.1310096153846154 0.01201923076923077 0.019230769230769232
23 0.3245192307692308 0.15264423076923078 0.014423076923076924 0.026442307692307692
23 0.30649038461538464 0.0625 0.016826923076923076 0.014423076923076924
23 0.2776442307692308 0.052884615384615384 0.014423076923076924 0.028846153846153848
23 0.23798076923076922 0.036057692307692304 0.009615384615384616 0.016826923076923076
23 0.2283653846153846 0.055288461538461536 0.01201923076923077 0.016826923076923076
23 0.17427884615384615 0.20432692307692307 0.021634615384615384 0.0673076923076923
23 0.15264423076923078 0.15504807692307693 0.01201923076923077 0.028846153846153848
23 0.13942307692307693 0.14543269230769232 0.009615384615384616 0.02403846153846154
23 0.09735576923076923 0.1466346153846154 0.016826923076923076 0.036057692307692304
23 0.09254807692307693 0.09134615384615384 0.019230769230769232 0.028846153846153848
23 0.078125 0.08052884615384616 0.009615384615384616 0.021634615384615384
23 0.042067307692307696 0.12620192307692307 0.014423076923076924 0.028846153846153848
23 0.013221153846153846 0.19230769230769232 0.026442307692307692 0.04807692307692308