22 0.9254807692307693 0.37259615384615385 0.14903846153846154 0.21153846153846154
22 0.953125 0.49278846153846156 0.09375 0.25
22 0.8064903846153846 0.3942307692307692 0.12740384615384615 0.12980769230769232
22 0.828125 0.515625 0.11778846153846154 0.21875
22 0.8509615384615384 0.7055288461538461 0.10336538461538461 0.14903846153846154
22 0.7295673076923077 0.4831730769230769 0.09134615384615384 0.17307692307692307
22 0.6057692307692307 0.3605769230769231 0.18990384615384615 0.12259615384615384
22 0.5805288461538461 0.6165865384615384 0.23317307692307693 0.32211538461538464
22 0.44711538461538464 0.27403846153846156 0.22596153846153846 0.17067307692307693
22 0.5444711538461539 0.75 0.22115384615384615 0.25961538461538464
22 0.5480769230769231 0.5384615384615384 0.09615384615384616 0.15144230769230768
22 0.4951923076923077 0.5180288461538461 0.07451923076923077 0.10817307692307693
22 0.5276442307692307 0.7067307692307693 0.055288461538461536 0.07932692307692307
22 0.40865384615384615 0.7776442307692307 0.11057692307692307 0.21634615384615385
22 0.203125 0.42908653846153844 0.2932692307692308 0.40625
22 0.25961538461538464 0.8725961538461539 0.17548076923076922 0.23557692307692307