22 0.9387019230769231 0.4951923076923077 0.12259615384615384 0.20192307692307693
22 0.9459134615384616 0.6201923076923077 0.08653846153846154 0.24759615384615385
22 0.8233173076923077 0.48197115384615385 0.11778846153846154 0.1201923076923077
22 0.8100961538461539 0.6057692307692307 0.0985576923076923 0.21394230769230768
22 0.78125 0.7944711538461539 0.0889423076923077 0.14182692307692307
22 0.7247596153846154 0.546875 0.07692307692307693 0.16826923076923078
22 0.6394230769230769 0.3954326923076923 0.18269230769230768 0.10576923076923077
22 0.5444711538461539 0.6346153846153846 0.20673076923076922 0.3076923076923077
22 0.5120192307692307 0.26802884615384615 0.21394230769230768 0.15144230769230768
22 0.47475961538461536 0.7524038461538461 0.19951923076923078 0.24278846153846154
22 0.5348557692307693 0.5504807692307693 0.08173076923076923 0.1466346153846154
22 0.49038461538461536 0.515625 0.06490384615384616 0.10336538461538461
22 0.4699519230769231 0.7055288461538461 0.05048076923076923 0.07451923076923077
22 0.33533653846153844 0.7415865384615384 0.0889423076923077 0.21153846153846154
22 0.234375 0.34975961538461536 0.25721153846153844 0.3870192307692308
22 0.16706730769230768 0.7920673076923077 0.15625 0.22355769230769232