22 0.057692307692307696 0.4579326923076923 0.11538461538461539 0.19230769230769232
22 0.04567307692307692 0.5805288461538461 0.06610576923076923 0.24158653846153846
22 0.17908653846153846 0.4543269230769231 0.10817307692307693 0.11057692307692307
22 0.1814903846153846 0.578125 0.08052884615384616 0.20793269230769232
22 0.19471153846153846 0.7692307692307693 0.078125 0.13581730769230768
22 0.27163461538461536 0.5276442307692307 0.0625 0.16346153846153846
22 0.3701923076923077 0.38341346153846156 0.17548076923076922 0.09014423076923077
22 0.44350961538461536 0.6298076923076923 0.1814903846153846 0.2920673076923077
22 0.5084134615384616 0.26802884615384615 0.203125 0.13341346153846154
22 0.5036057692307693 0.7536057692307693 0.1814903846153846 0.2283653846153846
22 0.46033653846153844 0.546875 0.06971153846153846 0.140625
22 0.5084134615384616 0.5168269230769231 0.057692307692307696 0.0985576923076923
22 0.5120192307692307 0.7079326923076923 0.04326923076923077 0.07211538461538461
22 0.6430288461538461 0.7548076923076923 0.07211538461538461 0.20552884615384615
22 0.7776442307692307 0.3737980769230769 0.22596153846153846 0.36899038461538464
22 0.8064903846153846 0.8197115384615384 0.13822115384615385 0.2127403846153846