23 0.6947115384615384 0.609375 0.31971153846153844 0.5913461538461539
23 0.9783653846153846 0.3918269230769231 0.04326923076923077 0.14903846153846154
23 0.9951923076923077 0.3088942307692308 0.009615384615384616 0.05048076923076923
23 0.9891826923076923 0.3004807692307692 0.021634615384615384 0.04326923076923077
23 0.9663461538461539 0.29447115384615385 0.040865384615384616 0.055288461538461536
23 0.9242788461538461 0.4014423076923077 0.10817307692307693 0.19230769230769232
23 0.9543269230769231 0.34615384615384615 0.04567307692307692 0.09615384615384616
23 0.9411057692307693 0.2824519230769231 0.028846153846153848 0.05048076923076923
23 0.9242788461538461 0.2860576923076923 0.03125 0.040865384615384616
23 0.8786057692307693 0.40625 0.05048076923076923 0.12259615384615384
23 0.8978365384615384 0.2824519230769231 0.03365384615384615 0.03125
23 0.8605769230769231 0.39302884615384615 0.0673076923076923 0.12740384615384615
23 0.875 0.27163461538461536 0.021634615384615384 0.03125
23 0.8257211538461539 0.3870192307692308 0.06971153846153846 0.14182692307692307
23 0.8521634615384616 0.2644230769230769 0.026442307692307692 0.03365384615384615
23 0.8449519230769231 0.23918269230769232 0.028846153846153848 0.04326923076923077
23 0.7836538461538461 0.36899038461538464 0.10336538461538461 0.17548076923076922
23 0.8173076923076923 0.25841346153846156 0.028846153846153848 0.038461538461538464
23 0.7872596153846154 0.24278846153846154 0.036057692307692304 0.04567307692307692
23 0.7608173076923077 0.24879807692307693 0.028846153846153848 0.02403846153846154
23 0.7439903846153846 0.21875 0.019230769230769232 0.036057692307692304
23 0.7199519230769231 0.2439903846153846 0.03125 0.038461538461538464
23 0.6634615384615384 0.3557692307692308 0.08653846153846154 0.15144230769230768
23 0.6971153846153846 0.23918269230769232 0.03365384615384615 0.05048076923076923
23 0.6814903846153846 0.23197115384615385 0.03365384615384615 0.05048076923076923
23 0.6478365384615384 0.33774038461538464 0.06490384615384616 0.17548076923076922
23 0.6213942307692307 0.27884615384615385 0.11778846153846154 0.28125
23 0.48677884615384615 0.6382211538461539 0.32211538461538464 0.6875
23 0.5528846153846154 0.3293269230769231 0.125 0.12980769230769232
23 0.609375 0.21634615384615385 0.03125 0.055288461538461536
23 0.5408653846153846 0.27283653846153844 0.09134615384615384 0.14423076923076922
23 0.5625 0.22235576923076922 0.038461538461538464 0.06971153846153846
23 0.5324519230769231 0.19591346153846154 0.03125 0.05048076923076923
23 0.515625 0.18870192307692307 0.026442307692307692 0.052884615384615384
23 0.4675480769230769 0.32091346153846156 0.09134615384615384 0.16105769230769232
23 0.5060096153846154 0.17908653846153846 0.02403846153846154 0.052884615384615384
23 0.4963942307692308 0.18389423076923078 0.03125 0.057692307692307696
23 0.4831730769230769 0.1935096153846154 0.021634615384615384 0.04807692307692308
23 0.4723557692307692 0.18509615384615385 0.026442307692307692 0.05048076923076923
23 0.46274038461538464 0.16947115384615385 0.038461538461538464 0.07932692307692307
23 0.40024038461538464 0.30528846153846156 0.10096153846153846 0.19471153846153846
23 0.4326923076923077 0.18870192307692307 0.038461538461538464 0.057692307692307696
23 0.41586538461538464 0.1814903846153846 0.028846153846153848 0.04807692307692308
23 0.4074519230769231 0.1971153846153846 0.03365384615384615 0.040865384615384616
23 0.4050480769230769 0.16706730769230768 0.038461538461538464 0.06490384615384616
23 0.35096153846153844 0.2848557692307692 0.08653846153846154 0.16826923076923078
23 0.3762019230769231 0.17427884615384615 0.026442307692307692 0.04807692307692308
23 0.23076923076923078 0.10576923076923077 0.3317307692307692 0.08653846153846154
23 0.35096153846153844 0.17668269230769232 0.03125 0.05048076923076923
23 0.27524038461538464 0.3016826923076923 0.10817307692307693 0.18269230769230768
23 0.32211538461538464 0.171875 0.03125 0.052884615384615384
23 0.30288461538461536 0.15625 0.026442307692307692 0.04807692307692308
23 0.2548076923076923 0.23197115384615385 0.0985576923076923 0.21153846153846154
23 0.25721153846153844 0.15625 0.026442307692307692 0.040865384615384616
23 0.23076923076923078 0.1622596153846154 0.036057692307692304 0.06009615384615385
23 0.20673076923076922 0.2536057692307692 0.07211538461538461 0.16346153846153846
23 0.16466346153846154 0.2920673076923077 0.10576923076923077 0.1778846153846154
23 0.19471153846153846 0.18870192307692307 0.052884615384615384 0.052884615384615384
23 0.20432692307692307 0.14543269230769232 0.03125 0.06490384615384616
23 0.13221153846153846 0.21153846153846154 0.07211538461538461 0.15144230769230768
23 0.08173076923076923 0.24759615384615385 0.1201923076923077 0.22596153846153846