23 0.28966346153846156 0.5745192307692307 0.22596153846153846 0.5600961538461539
23 0.009615384615384616 0.21995192307692307 0.019230769230769232 0.04447115384615385
23 0.028846153846153848 0.30649038461538464 0.057692307692307696 0.14182692307692307
23 0.028846153846153848 0.22235576923076922 0.03485576923076923 0.04567307692307692
23 0.04927884615384615 0.21754807692307693 0.02283653846153846 0.040865384615384616
23 0.07692307692307693 0.21634615384615385 0.03245192307692308 0.05048076923076923
23 0.09975961538461539 0.3293269230769231 0.078125 0.18028846153846154
23 0.07932692307692307 0.2692307692307692 0.030048076923076924 0.09254807692307693
23 0.10336538461538461 0.2091346153846154 0.021634615384615384 0.046875
23 0.11899038461538461 0.21514423076923078 0.02403846153846154 0.037259615384615384
23 0.14302884615384615 0.34134615384615385 0.03125 0.11778846153846154
23 0.14543269230769232 0.21634615384615385 0.030048076923076924 0.026442307692307692
23 0.16346153846153846 0.3317307692307692 0.046875 0.12139423076923077
23 0.17067307692307693 0.21033653846153846 0.018028846153846152 0.027644230769230768
23 0.19951923076923078 0.3317307692307692 0.04567307692307692 0.13581730769230768
23 0.19471153846153846 0.20673076923076922 0.021634615384615384 0.030048076923076924
23 0.20552884615384615 0.18269230769230768 0.021634615384615384 0.039663461538461536
23 0.24278846153846154 0.32211538461538464 0.07572115384615384 0.1658653846153846
23 0.22956730769230768 0.20673076923076922 0.02283653846153846 0.03485576923076923
23 0.2620192307692308 0.1971153846153846 0.028846153846153848 0.040865384615384616
23 0.28725961538461536 0.20793269230769232 0.026442307692307692 0.020432692307692308
23 0.3088942307692308 0.18028846153846154 0.013221153846153846 0.03365384615384615
23 0.328125 0.2091346153846154 0.026442307692307692 0.03365384615384615
23 0.3641826923076923 0.3293269230769231 0.06370192307692307 0.14302884615384615
23 0.35096153846153844 0.2091346153846154 0.026442307692307692 0.046875
23 0.36778846153846156 0.20432692307692307 0.026442307692307692 0.046875
23 0.38221153846153844 0.31490384615384615 0.036057692307692304 0.171875
23 0.41947115384615385 0.2608173076923077 0.07091346153846154 0.27283653846153844
23 0.4891826923076923 0.6382211538461539 0.21153846153846154 0.6598557692307693
23 0.47716346153846156 0.32211538461538464 0.10697115384615384 0.11298076923076923
23 0.4411057692307692 0.20192307692307693 0.02283653846153846 0.052884615384615384
23 0.4987980769230769 0.2692307692307692 0.06850961538461539 0.13341346153846154
23 0.48677884615384615 0.21514423076923078 0.027644230769230768 0.06490384615384616
23 0.5204326923076923 0.19471153846153846 0.02283653846153846 0.04807692307692308
23 0.5384615384615384 0.19110576923076922 0.018028846153846152 0.051682692307692304
23 0.5625 0.3293269230769231 0.06490384615384616 0.15264423076923078
23 0.5492788461538461 0.18269230769230768 0.015625 0.05048076923076923
23 0.5588942307692307 0.18990384615384615 0.021634615384615384 0.055288461538461536
23 0.5697115384615384 0.20072115384615385 0.013221153846153846 0.04567307692307692
23 0.5817307692307693 0.19471153846153846 0.019230769230769232 0.04807692307692308
23 0.59375 0.1814903846153846 0.025240384615384616 0.07572115384615384
23 0.6322115384615384 0.32572115384615385 0.06850961538461539 0.18629807692307693
23 0.6201923076923077 0.20552884615384615 0.030048076923076924 0.052884615384615384
23 0.6382211538461539 0.20072115384615385 0.020432692307692308 0.04447115384615385
23 0.6442307692307693 0.21754807692307693 0.026442307692307692 0.037259615384615384
23 0.6514423076923077 0.18870192307692307 0.027644230769230768 0.06009615384615385
23 0.6838942307692307 0.3137019230769231 0.05889423076923077 0.16105769230769232
23 0.6778846153846154 0.20072115384615385 0.019230769230769232 0.04447115384615385
23 0.8341346153846154 0.15865384615384615 0.33052884615384615 0.030048076923076924
23 0.703125 0.20793269230769232 0.02403846153846154 0.04807692307692308
23 0.7560096153846154 0.34375 0.08052884615384616 0.171875
23 0.7319711538461539 0.20793269230769232 0.02403846153846154 0.04927884615384615
23 0.7536057692307693 0.19591346153846154 0.018028846153846152 0.04567307692307692
23 0.7884615384615384 0.27884615384615385 0.06490384615384616 0.203125
23 0.7992788461538461 0.203125 0.019230769230769232 0.038461538461538464
23 0.8233173076923077 0.21394230769230768 0.026442307692307692 0.056490384615384616
23 0.8317307692307693 0.3088942307692308 0.04447115384615385 0.15865384615384615
23 0.8665865384615384 0.35336538461538464 0.07932692307692307 0.1658653846153846
23 0.8545673076923077 0.24639423076923078 0.046875 0.04447115384615385
23 0.8533653846153846 0.20192307692307693 0.020432692307692308 0.06129807692307692
23 0.9122596153846154 0.2800480769230769 0.04807692307692308 0.14423076923076922
23 0.9555288461538461 0.3245192307692308 0.08413461538461539 0.21514423076923078