23 0.7091346153846154 0.578125 0.23557692307692307 0.5649038461538461
23 0.9927884615384616 0.22716346153846154 0.014423076923076924 0.04567307692307692
23 0.9723557692307693 0.3137019230769231 0.055288461538461536 0.14182692307692307
23 0.9759615384615384 0.23076923076923078 0.036057692307692304 0.04567307692307692
23 0.9555288461538461 0.22596153846153846 0.02403846153846154 0.040865384615384616
23 0.9278846153846154 0.22355769230769232 0.03365384615384615 0.05048076923076923
23 0.9026442307692307 0.33653846153846156 0.08173076923076923 0.18269230769230768
23 0.9242788461538461 0.2764423076923077 0.03125 0.09375
23 0.9014423076923077 0.21634615384615385 0.021634615384615384 0.04807692307692308
23 0.8858173076923077 0.22235576923076922 0.02403846153846154 0.038461538461538464
23 0.859375 0.3473557692307692 0.03365384615384615 0.11778846153846154
23 0.859375 0.22235576923076922 0.03125 0.026442307692307692
23 0.8389423076923077 0.33774038461538464 0.04807692307692308 0.12259615384615384
23 0.8341346153846154 0.21634615384615385 0.019230769230769232 0.028846153846153848
23 0.8028846153846154 0.33653846153846156 0.04807692307692308 0.13701923076923078
23 0.8100961538461539 0.21153846153846154 0.021634615384615384 0.03125
23 0.8004807692307693 0.1875 0.021634615384615384 0.040865384615384616
23 0.7608173076923077 0.3269230769230769 0.07932692307692307 0.16826923076923078
23 0.7752403846153846 0.21153846153846154 0.02403846153846154 0.036057692307692304
23 0.7427884615384616 0.20072115384615385 0.028846153846153848 0.040865384615384616
23 0.7175480769230769 0.21153846153846154 0.026442307692307692 0.021634615384615384
23 0.6971153846153846 0.18389423076923078 0.014423076923076924 0.03365384615384615
23 0.6766826923076923 0.2127403846153846 0.026442307692307692 0.03365384615384615
23 0.6382211538461539 0.3317307692307692 0.0673076923076923 0.14423076923076922
23 0.6538461538461539 0.21153846153846154 0.026442307692307692 0.04807692307692308
23 0.6370192307692307 0.20673076923076922 0.026442307692307692 0.04807692307692308
23 0.6213942307692307 0.3173076923076923 0.038461538461538464 0.17307692307692307
23 0.5841346153846154 0.2620192307692308 0.07451923076923077 0.27403846153846156
23 0.5084134615384616 0.6382211538461539 0.22355769230769232 0.6634615384615384
23 0.5264423076923077 0.32211538461538464 0.10817307692307693 0.11538461538461539
23 0.5637019230769231 0.203125 0.02403846153846154 0.052884615384615384
23 0.5048076923076923 0.2692307692307692 0.06971153846153846 0.1346153846153846
23 0.5180288461538461 0.21514423076923078 0.028846153846153848 0.06490384615384616
23 0.484375 0.19471153846153846 0.02403846153846154 0.04807692307692308
23 0.46634615384615385 0.18990384615384615 0.019230769230769232 0.052884615384615384
23 0.43990384615384615 0.328125 0.0673076923076923 0.15384615384615385
23 0.4567307692307692 0.1814903846153846 0.016826923076923076 0.05048076923076923
23 0.44711538461538464 0.18870192307692307 0.021634615384615384 0.055288461538461536
23 0.43509615384615385 0.19951923076923078 0.014423076923076924 0.04567307692307692
23 0.4230769230769231 0.1935096153846154 0.019230769230769232 0.04807692307692308
23 0.41225961538461536 0.18028846153846154 0.026442307692307692 0.07692307692307693
23 0.3713942307692308 0.3233173076923077 0.07211538461538461 0.1875
23 0.38461538461538464 0.203125 0.03125 0.052884615384615384
23 0.36658653846153844 0.19831730769230768 0.021634615384615384 0.04567307692307692
23 0.3605769230769231 0.21514423076923078 0.026442307692307692 0.038461538461538464
23 0.3545673076923077 0.18629807692307693 0.028846153846153848 0.06009615384615385
23 0.31971153846153844 0.31009615384615385 0.0625 0.16105769230769232
23 0.3269230769230769 0.1971153846153846 0.019230769230769232 0.04567307692307692
23 0.171875 0.15264423076923078 0.3317307692307692 0.036057692307692304
23 0.3016826923076923 0.20432692307692307 0.02403846153846154 0.04807692307692308
23 0.24639423076923078 0.3389423076923077 0.08413461538461539 0.17307692307692307
23 0.27283653846153844 0.20432692307692307 0.02403846153846154 0.05048076923076923
23 0.2512019230769231 0.19110576923076922 0.019230769230769232 0.04567307692307692
23 0.21514423076923078 0.27403846153846156 0.0673076923076923 0.20432692307692307
23 0.20552884615384615 0.19831730769230768 0.019230769230769232 0.038461538461538464
23 0.1814903846153846 0.20793269230769232 0.026442307692307692 0.057692307692307696
23 0.171875 0.30288461538461536 0.04807692307692308 0.15865384615384615
23 0.13581730769230768 0.3473557692307692 0.08173076923076923 0.16826923076923078
23 0.1502403846153846 0.2403846153846154 0.04807692307692308 0.04567307692307692
23 0.15144230769230768 0.19591346153846154 0.021634615384615384 0.0625
23 0.09134615384615384 0.27283653846153844 0.05048076923076923 0.14423076923076922
23 0.04807692307692308 0.3161057692307692 0.0889423076923077 0.21634615384615385